/*--------------------------------*- C++ -*----------------------------------*\
| =========                 |                                                 |
| \\      /  F ield         | OpenFOAM: The Open Source CFD Toolbox           |
|  \\    /   O peration     | Version:  2412                                  |
|   \\  /    A nd           | Website:  www.openfoam.com                      |
|    \\/     M anipulation  |                                                 |
\*---------------------------------------------------------------------------*/
FoamFile
{
    version     2.0;
    format      ascii;
    arch        "LSB;label=32;scalar=64";
    class       regIOobject;
    location    "constant/polyMesh";
    object      faceZones;
    meta
    {
        names           1 ( faceMRFzone );
    }
}
// * * * * * * * * * * * * * * * * * * * * * * * * * * * * * * * * * * * * * //

1
(faceMRFzone
{
    type            faceZone;
    faceLabels      List<label> 
7217
(
5860
5866
5872
5878
6025
6031
6037
6043
6131
6136
6141
6146
7301
7302
7303
7304
7308
7309
7314
7315
7321
7327
7333
7339
7344
7345
7350
7351
7356
7357
7364
7367
7371
7488
7489
7491
7495
7501
7531
7537
7543
7551
7554
7559
7621
7622
7626
7631
7656
7661
7666
7673
7675
7679
8931
8932
8933
8934
8938
8939
8945
8951
8957
8963
8969
8975
8981
8987
8993
8999
9005
9011
9017
9022
9023
9030
9033
9135
9136
9138
9142
9226
9234
9237
9349
9356
9358
10677
10678
10679
10680
10685
10691
10697
10703
10709
10715
10721
10727
10733
10739
10745
10751
10757
10763
10769
10775
10781
10787
10792
10793
10800
10803
10894
10895
10897
11009
11017
11020
11129
11136
11138
12560
12561
12562
12567
12573
12579
12585
12591
12597
12603
12609
12615
12621
12627
12633
12639
12645
12651
12657
12663
12669
12675
12681
12687
12693
12698
12699
12704
12707
12791
12793
12929
12936
12939
13049
13055
13057
14560
14561
14562
14563
14568
14574
14580
14586
14592
14598
14604
14610
14616
14622
14628
14634
14640
14646
14652
14658
14664
14670
14676
14682
14688
14694
14700
14706
14712
14719
14722
14804
14805
14807
14963
14966
15086
15088
16657
16659
16661
16667
16673
16679
16685
16691
16697
16703
16709
16715
16721
16727
16733
16739
16745
16751
16757
16763
16769
16775
16781
16787
16793
16799
16805
16811
16817
16823
16828
16829
16831
16908
16910
17079
17081
17205
17207
18853
18855
18857
18863
18869
18875
18881
18887
18893
18899
18905
18911
18917
18923
18929
18935
18941
18947
18953
18959
18965
18971
18977
18983
18989
18995
19001
19007
19013
19019
19025
19031
19036
19037
19039
19116
19118
19299
19301
19430
19432
21136
21140
21146
21152
21158
21164
21170
21176
21182
21188
21194
21200
21206
21212
21218
21224
21230
21236
21242
21248
21254
21260
21266
21272
21278
21284
21290
21296
21302
21308
21314
21320
21326
21331
21332
21334
21405
21600
21602
21734
21736
23514
23515
23516
23521
23527
23533
23539
23545
23551
23557
23563
23569
23575
23581
23587
23593
23599
23605
23611
23617
23623
23629
23635
23641
23647
23653
23659
23665
23671
23677
23683
23689
23695
23701
23707
23713
23719
23722
23789
23791
23995
23998
24131
24133
25936
25937
25938
25943
25949
25955
25961
25967
25973
25979
25985
25991
25997
26003
26009
26015
26021
26027
26033
26039
26045
26051
26057
26063
26069
26075
26081
26087
26093
26099
26105
26111
26117
26123
26129
26135
26141
26147
26152
26220
26222
26437
26572
28451
28455
28461
28467
28473
28479
28485
28491
28497
28503
28509
28515
28521
28527
28533
28539
28545
28551
28557
28563
28569
28575
28581
28587
28593
28599
28605
28611
28617
28623
28629
28635
28641
28647
28653
28659
28665
28670
28671
28673
28738
28957
28959
29081
29083
31005
31006
31007
31012
31018
31024
31030
31036
31042
31048
31054
31060
31066
31072
31078
31084
31090
31096
31102
31108
31114
31120
31126
31132
31138
31144
31150
31156
31162
31168
31174
31180
31186
31192
31198
31204
31210
31216
31222
31228
31234
31301
31303
31531
31649
33624
33628
33634
33640
33646
33652
33658
33664
33670
33676
33682
33688
33694
33700
33706
33712
33718
33724
33730
33736
33742
33748
33754
33760
33766
33772
33778
33784
33790
33796
33802
33808
33814
33820
33826
33832
33838
33844
33850
33855
33856
33858
33918
34149
34151
34263
34265
36266
36267
36268
36273
36279
36285
36291
36297
36303
36309
36315
36321
36327
36333
36339
36345
36351
36357
36363
36369
36375
36381
36387
36393
36399
36405
36411
36417
36423
36429
36435
36441
36447
36453
36459
36465
36471
36477
36483
36489
36495
36501
36507
36571
36573
36813
36931
38968
38969
38974
38980
38986
38992
38998
39004
39010
39016
39022
39028
39034
39040
39046
39052
39058
39064
39070
39076
39082
39088
39094
39100
39106
39112
39118
39124
39130
39136
39142
39148
39154
39160
39166
39172
39178
39184
39190
39196
39202
39208
39211
39275
39515
39518
39639
39641
41695
41699
41705
41711
41717
41723
41729
41735
41741
41747
41753
41759
41765
41771
41777
41783
41789
41795
41801
41807
41813
41819
41825
41831
41837
41843
41849
41855
41861
41867
41873
41879
41885
41891
41897
41903
41909
41915
41921
41927
41933
41939
41941
42003
42248
42395
44482
44483
44484
44489
44495
44501
44507
44513
44519
44525
44531
44537
44543
44549
44555
44561
44567
44573
44579
44585
44591
44597
44603
44609
44615
44621
44627
44633
44639
44645
44651
44657
44663
44669
44675
44681
44687
44693
44699
44705
44711
44717
44723
44729
44735
44791
44793
45045
45194
47291
47292
47297
47303
47309
47315
47321
47327
47333
47339
47345
47351
47357
47363
47369
47375
47381
47387
47393
47399
47405
47411
47417
47423
47429
47435
47441
47447
47453
47459
47465
47471
47477
47483
47489
47495
47501
47507
47513
47519
47525
47531
47537
47543
47601
47853
48003
50121
50122
50127
50133
50139
50145
50151
50157
50163
50169
50175
50181
50187
50193
50199
50205
50211
50217
50223
50229
50235
50241
50247
50253
50259
50265
50271
50277
50283
50289
50295
50301
50307
50313
50319
50325
50331
50337
50343
50349
50355
50361
50367
50373
50437
50689
50850
52966
52972
52978
52984
52990
52996
53002
53008
53014
53020
53026
53032
53038
53044
53050
53056
53062
53068
53074
53080
53086
53092
53098
53104
53110
53116
53122
53128
53134
53140
53146
53152
53158
53164
53170
53176
53182
53188
53194
53200
53206
53212
53218
53223
53225
53228
53280
53536
53539
53699
53702
55822
55828
55834
55840
55846
55852
55858
55864
55870
55876
55882
55888
55894
55900
55906
55912
55918
55924
55930
55936
55942
55948
55954
55960
55966
55972
55978
55984
55990
55996
56002
56008
56014
56020
56026
56032
56038
56044
56050
56056
56062
56068
56074
56081
56084
56138
56397
56556
58677
58683
58689
58695
58701
58707
58713
58719
58725
58731
58737
58743
58749
58755
58761
58767
58773
58779
58785
58791
58797
58803
58809
58815
58821
58827
58833
58839
58845
58851
58857
58863
58869
58875
58881
58887
58893
58899
58905
58911
58917
58923
58929
58936
58939
58993
59252
59410
61531
61537
61543
61549
61555
61561
61567
61573
61579
61585
61591
61597
61603
61609
61615
61621
61627
61633
61639
61645
61651
61657
61663
61669
61675
61681
61687
61693
61699
61705
61711
61717
61723
61729
61735
61741
61747
61753
61759
61765
61771
61777
61783
61790
61793
61847
62106
62268
64385
64386
64391
64397
64403
64409
64415
64421
64427
64433
64439
64445
64451
64457
64463
64469
64475
64481
64487
64493
64499
64505
64511
64517
64523
64529
64535
64541
64547
64553
64559
64565
64571
64577
64583
64589
64595
64601
64607
64613
64619
64625
64631
64636
64637
64703
64953
64955
65111
65113
67206
67207
67212
67218
67224
67230
67236
67242
67248
67254
67260
67266
67272
67278
67284
67290
67296
67302
67308
67314
67320
67326
67332
67338
67344
67350
67356
67362
67368
67374
67380
67386
67392
67398
67404
67410
67416
67422
67428
67434
67440
67446
67452
67458
67516
67768
67907
69980
69981
69986
69992
69998
70004
70010
70016
70022
70028
70034
70040
70046
70052
70058
70064
70070
70076
70082
70088
70094
70100
70106
70112
70118
70124
70130
70136
70142
70148
70154
70160
70166
70172
70178
70184
70190
70196
70202
70208
70214
70220
70226
70232
70290
70542
70613
72660
72663
72667
72673
72679
72685
72691
72697
72703
72709
72715
72721
72727
72733
72739
72745
72751
72757
72763
72769
72775
72781
72787
72793
72799
72805
72811
72817
72823
72829
72835
72841
72847
72853
72859
72865
72871
72877
72883
72889
72895
72901
72907
72909
72968
72971
73216
75296
75302
75308
75314
75320
75326
75332
75338
75344
75350
75356
75362
75368
75374
75380
75386
75392
75398
75404
75410
75416
75422
75428
75434
75440
75446
75452
75458
75464
75470
75476
75482
75488
75494
75500
75506
75512
75518
75524
75530
75536
75543
75545
75546
75604
75851
75853
77880
77881
77886
77892
77898
77904
77910
77916
77922
77928
77934
77940
77946
77952
77958
77964
77970
77976
77982
77988
77994
78000
78006
78012
78018
78024
78030
78036
78042
78048
78054
78060
78066
78072
78078
78084
78090
78096
78102
78108
78114
78120
78187
78427
80414
80417
80421
80427
80433
80439
80445
80451
80457
80463
80469
80475
80481
80487
80493
80499
80505
80511
80517
80523
80529
80535
80541
80547
80553
80559
80565
80571
80577
80583
80589
80595
80601
80607
80613
80619
80625
80631
80637
80643
80649
80651
80710
80713
80946
82881
82882
82887
82893
82899
82905
82911
82917
82923
82929
82935
82941
82947
82953
82959
82965
82971
82977
82983
82989
82995
83001
83007
83013
83019
83025
83031
83037
83043
83049
83055
83061
83067
83073
83079
83085
83091
83097
83103
83108
83109
83179
83406
83408
85289
85292
85296
85302
85308
85314
85320
85326
85332
85338
85344
85350
85356
85362
85368
85374
85380
85386
85392
85398
85404
85410
85416
85422
85428
85434
85440
85446
85452
85458
85464
85470
85476
85482
85488
85494
85500
85506
85512
85514
85576
85579
85800
87622
87623
87628
87634
87640
87646
87652
87658
87664
87670
87676
87682
87688
87694
87700
87706
87712
87718
87724
87730
87736
87742
87748
87754
87760
87766
87772
87778
87784
87790
87796
87802
87808
87814
87820
87826
87832
87837
87838
87908
88123
88125
89901
89902
89908
89914
89920
89926
89932
89938
89944
89950
89956
89962
89968
89974
89980
89986
89992
89998
90004
90010
90016
90022
90028
90034
90040
90046
90052
90058
90064
90070
90076
90082
90088
90094
90100
90106
90113
90115
90116
90176
90178
90389
90391
92100
92103
92107
92113
92119
92125
92131
92137
92143
92149
92155
92161
92167
92173
92179
92185
92191
92197
92203
92209
92215
92221
92227
92233
92239
92245
92251
92257
92263
92269
92275
92281
92287
92293
92299
92301
92373
92376
92573
94224
94225
94228
94230
94236
94242
94248
94254
94260
94266
94272
94278
94284
94290
94296
94302
94308
94314
94320
94326
94332
94338
94344
94350
94356
94362
94368
94374
94380
94386
94392
94398
94404
94410
94415
94416
94489
94492
94680
94682
96260
96261
96264
96266
96272
96278
96284
96290
96296
96302
96308
96314
96320
96326
96332
96338
96344
96350
96356
96362
96368
96374
96380
96386
96392
96398
96404
96410
96416
96422
96428
96434
96439
96440
96515
96518
96694
96696
98201
98202
98205
98207
98213
98219
98225
98231
98237
98243
98249
98255
98261
98267
98273
98279
98285
98291
98297
98303
98309
98315
98321
98327
98333
98339
98345
98351
98357
98363
98367
98368
98369
98447
98450
98612
98614
98616
100032
100034
100039
100045
100051
100057
100063
100069
100075
100081
100087
100093
100099
100105
100111
100117
100123
100129
100135
100141
100147
100153
100159
100165
100171
100177
100184
100186
100187
100265
100268
100418
100420
101742
101749
101750
101753
101755
101761
101767
101773
101779
101785
101791
101797
101803
101809
101815
101821
101827
101833
101839
101845
101851
101857
101863
101869
101875
101879
101880
101881
101963
101970
101973
102099
102101
102103
103351
103358
103359
103362
103364
103370
103376
103382
103388
103394
103400
103406
103412
103418
103424
103430
103436
103442
103448
103454
103460
103464
103465
103466
103562
103569
103572
103674
103676
103678
104820
104826
104828
104833
104837
104839
104845
104851
104857
104863
104869
104875
104881
104887
104893
104899
104903
104906
104908
104909
104910
105014
105020
105023
105030
105096
105101
105103
105104
106154
106160
106166
106173
106176
106177
106182
106183
106188
106189
106194
106195
106196
106197
106202
106208
106329
106335
106341
106349
106352
106358
106364
106370
106371
106373
106377
106383
110991
110995
110998
111012
111016
111019
111032
111033
111037
111038
111040
111042
111046
111048
111054
111058
111066
111070
111072
111078
111082
111090
111094
111096
111102
111106
111114
111118
111120
111126
111128
111130
111134
111150
111154
111157
111171
111175
111178
111192
111196
111199
111250
111253
111256
111268
111271
111274
111285
111286
111289
111290
111292
111294
111297
111299
111315
111318
111320
111336
111339
111341
111357
111360
111362
111369
111374
111388
111391
111394
111406
111409
111412
111424
111427
111430
111456
111460
111463
111464
111465
111470
111475
111480
111483
111488
111492
111496
111516
111520
111530
111538
111541
111551
111559
111562
111572
111580
111583
111593
111601
111604
111614
111622
111625
111635
111643
111646
111656
111664
111667
111677
111685
111688
111698
111706
111709
111719
111727
111730
111745
111747
111781
111785
111788
111790
111796
111800
111806
111807
111809
111814
111816
111817
111818
111998
112012
112014
112015
112034
112040
112042
112045
112047
112052
112066
112070
112073
112117
112119
112122
112124
112129
112133
112138
112139
112144
112146
112147
112148
112327
112341
112343
112344
112362
112368
112372
112373
112378
112390
112393
112396
112413
112459
112465
112467
112471
112490
112494
112504
112512
112515
112525
112533
112536
112544
112551
112554
112562
112569
112572
112580
112587
112590
112598
112605
112608
112616
112623
112626
112634
112641
112644
112652
112659
112662
112670
112677
112680
112688
112695
112698
112706
112713
112716
112724
112731
112734
112742
112749
112752
112762
112770
112773
112783
112791
112794
112809
112811
112844
112845
112849
112850
112852
112854
112856
112857
112858
113146
113160
113162
113163
113169
113174
113190
113194
113197
113238
113239
113241
113242
113243
113245
113247
113248
113249
113315
113329
113331
113332
113338
113343
113357
113360
113363
113388
113390
113395
113414
113418
113428
113436
113439
113447
113454
113457
113465
113472
113475
113483
113490
113493
113501
113508
113511
113519
113526
113529
113537
113544
113547
113555
113562
113565
113573
113580
113583
113591
113598
113601
113609
113616
113619
113627
113634
113637
113645
113652
113655
113663
113670
113673
113681
113688
113691
113699
113706
113709
113717
113724
113727
113735
113742
113745
113753
113760
113763
113773
113781
113784
113799
113801
113818
113819
113823
113825
113827
113829
113831
113832
113833
114193
114207
114209
114210
114216
114221
114236
114241
114243
114256
114257
114259
114261
114262
114264
114266
114267
114268
114299
114315
114317
114318
114324
114329
114342
114346
114348
114355
114357
114361
114372
114381
114385
114393
114400
114403
114411
114418
114421
114429
114436
114439
114447
114454
114457
114465
114472
114475
114483
114490
114493
114501
114508
114511
114519
114526
114529
114537
114544
114547
114555
114562
114565
114573
114580
114583
114591
114598
114601
114609
114616
114619
114627
114634
114637
114645
114652
114655
114663
114670
114673
114681
114688
114691
114699
114706
114709
114717
114724
114727
114735
114742
114745
114753
114760
114763
114771
114778
114781
114790
114799
114801
114823
114829
114830
114833
114839
114840
114842
115265
115283
115289
115291
115294
115296
115301
115333
115338
115339
115341
115346
115347
115371
115390
115396
115400
115401
115406
115429
115431
115450
115454
115464
115472
115475
115483
115490
115493
115501
115508
115511
115519
115526
115529
115537
115544
115547
115555
115562
115565
115573
115580
115583
115591
115598
115601
115609
115616
115619
115627
115634
115637
115645
115652
115655
115663
115670
115673
115681
115688
115691
115699
115706
115709
115717
115724
115727
115735
115742
115745
115753
115760
115763
115771
115778
115781
115789
115796
115799
115807
115814
115817
115825
115832
115835
115843
115850
115853
115861
115868
115871
115879
115886
115889
115897
115904
115907
115917
115925
115928
115943
115945
115960
115961
115966
115968
115970
115972
115973
115974
116442
116456
116458
116459
116465
116470
116488
116500
116501
116504
116505
116507
116509
116510
116511
116542
116558
116560
116561
116567
116572
116587
116595
116597
116611
116620
116624
116632
116639
116642
116650
116657
116660
116668
116675
116678
116686
116693
116696
116704
116711
116714
116722
116729
116732
116740
116747
116750
116758
116765
116768
116776
116783
116786
116794
116801
116804
116812
116819
116822
116830
116837
116840
116848
116855
116858
116866
116873
116876
116884
116891
116894
116902
116909
116912
116920
116927
116930
116938
116945
116948
116956
116963
116966
116974
116981
116984
116992
116999
117002
117010
117017
117020
117028
117035
117038
117046
117053
117056
117064
117071
117074
117082
117089
117092
117100
117107
117110
117118
117125
117128
117146
117148
117163
117164
117169
117171
117174
117175
117695
117696
117698
117704
117709
117727
117739
117740
117743
117744
117747
117748
117761
117762
117765
117772
117778
117793
117796
117799
117813
117822
117826
117834
117841
117844
117852
117859
117862
117870
117877
117880
117888
117895
117898
117906
117913
117916
117924
117931
117934
117942
117949
117952
117960
117967
117970
117978
117985
117988
117996
118003
118006
118014
118021
118024
118032
118039
118042
118050
118057
118060
118068
118075
118078
118086
118093
118096
118104
118111
118114
118122
118129
118132
118140
118147
118150
118158
118165
118168
118176
118183
118186
118194
118201
118204
118212
118219
118222
118230
118237
118240
118248
118255
118258
118266
118273
118276
118284
118291
118294
118302
118309
118312
118320
118327
118330
118338
118345
118348
118356
118363
118366
118384
118386
118401
118402
118407
118409
118412
118413
118969
118970
118972
118978
118983
119001
119013
119014
119017
119018
119021
119022
119035
119036
119039
119046
119052
119067
119070
119073
119086
119097
119105
119112
119115
119123
119130
119133
119141
119148
119151
119159
119166
119169
119177
119184
119187
119195
119202
119205
119213
119220
119223
119231
119238
119241
119249
119256
119259
119267
119274
119277
119285
119292
119295
119303
119310
119313
119321
119328
119331
119339
119346
119349
119357
119364
119367
119375
119382
119385
119393
119400
119403
119411
119418
119421
119429
119436
119439
119447
119454
119457
119465
119472
119475
119483
119490
119493
119501
119508
119511
119519
119526
119529
119537
119544
119547
119555
119562
119565
119573
119580
119583
119591
119598
119601
119609
119616
119619
119627
119634
119637
119645
119652
119655
119663
119670
119673
119689
119713
119718
119723
119725
120307
120312
120316
120317
120322
120355
120359
120364
120365
120370
120376
120381
120382
120388
120405
120408
120419
120427
120431
120439
120446
120449
120457
120464
120467
120475
120482
120485
120493
120500
120503
120511
120518
120521
120529
120536
120539
120547
120554
120557
120565
120572
120575
120583
120590
120593
120601
120608
120611
120619
120626
120629
120637
120644
120647
120655
120662
120665
120673
120680
120683
120691
120698
120701
120709
120716
120719
120727
120734
120737
120745
120752
120755
120763
120770
120773
120781
120788
120791
120799
120806
120809
120817
120824
120827
120835
120842
120845
120853
120860
120863
120871
120878
120881
120889
120896
120899
120907
120914
120917
120925
120932
120935
120943
120950
120953
120961
120968
120971
120979
120986
120989
120997
121004
121007
121014
121022
121024
121028
121033
121034
121036
121043
121044
121046
121650
121667
121671
121673
121675
121678
121682
121685
121689
121690
121691
121697
121698
121723
121741
121745
121748
121750
121754
121762
121763
121774
121783
121787
121795
121802
121805
121813
121820
121823
121831
121838
121841
121849
121856
121859
121867
121874
121877
121885
121892
121895
121903
121910
121913
121921
121928
121931
121939
121946
121949
121957
121964
121967
121975
121982
121985
121993
122000
122003
122011
122018
122021
122029
122036
122039
122047
122054
122057
122065
122072
122075
122083
122090
122093
122101
122108
122111
122119
122126
122129
122137
122144
122147
122155
122162
122165
122173
122180
122183
122191
122198
122201
122209
122216
122219
122227
122234
122237
122245
122252
122255
122263
122270
122273
122281
122288
122291
122299
122306
122309
122317
122324
122327
122335
122342
122345
122353
122360
122363
122371
122378
122381
122389
122396
122399
122408
122417
122419
122430
122437
122438
122443
122445
123081
123086
123091
123112
123122
123127
123128
123131
123132
123154
123160
123166
123184
123190
123204
123215
123223
123230
123233
123241
123248
123251
123259
123266
123269
123277
123284
123287
123295
123302
123305
123313
123320
123323
123331
123338
123341
123349
123356
123359
123367
123374
123377
123385
123392
123395
123403
123410
123413
123421
123428
123431
123439
123446
123449
123457
123464
123467
123475
123482
123485
123493
123500
123503
123511
123518
123521
123529
123536
123539
123547
123554
123557
123565
123572
123575
123583
123590
123593
123601
123608
123611
123619
123626
123629
123637
123644
123647
123655
123662
123665
123673
123680
123683
123691
123698
123701
123709
123716
123719
123727
123734
123737
123745
123752
123755
123763
123770
123773
123781
123788
123791
123799
123806
123809
123817
123824
123827
123835
123842
123845
123853
123860
123863
123879
123903
123908
123913
123915
124569
124574
124578
124579
124584
124617
124621
124626
124627
124632
124638
124643
124644
124650
124667
124670
124681
124689
124693
124701
124708
124711
124719
124726
124729
124737
124744
124747
124755
124762
124765
124773
124780
124783
124791
124798
124801
124809
124816
124819
124827
124834
124837
124845
124852
124855
124863
124870
124873
124881
124888
124891
124899
124906
124909
124917
124924
124927
124935
124942
124945
124953
124960
124963
124971
124978
124981
124989
124996
124999
125007
125014
125017
125025
125032
125035
125043
125050
125053
125061
125068
125071
125079
125086
125089
125097
125104
125107
125115
125122
125125
125133
125140
125143
125151
125158
125161
125169
125176
125179
125187
125194
125197
125205
125212
125215
125223
125230
125233
125241
125248
125251
125259
125266
125269
125277
125284
125287
125295
125302
125305
125313
125320
125323
125331
125338
125341
125348
125356
125358
125367
125373
125374
125379
125381
126053
126058
126063
126081
126089
126093
126094
126097
126098
126120
126126
126132
126147
126153
126166
126177
126185
126192
126195
126203
126210
126213
126221
126228
126231
126239
126246
126249
126257
126264
126267
126275
126282
126285
126293
126300
126303
126311
126318
126321
126329
126336
126339
126347
126354
126357
126365
126372
126375
126383
126390
126393
126401
126408
126411
126419
126426
126429
126437
126444
126447
126455
126462
126465
126473
126480
126483
126491
126498
126501
126509
126516
126519
126527
126534
126537
126545
126552
126555
126563
126570
126573
126581
126588
126591
126599
126606
126609
126617
126624
126627
126635
126642
126645
126653
126660
126663
126671
126678
126681
126689
126696
126699
126707
126714
126717
126725
126732
126735
126743
126750
126753
126761
126768
126771
126779
126786
126789
126797
126804
126807
126815
126822
126825
126833
126840
126843
126851
126858
126861
126877
126901
126906
126911
126913
127603
127608
127612
127613
127618
127651
127655
127660
127661
127666
127672
127677
127678
127684
127701
127704
127715
127723
127727
127735
127742
127745
127753
127760
127763
127771
127778
127781
127789
127796
127799
127807
127814
127817
127825
127832
127835
127843
127850
127853
127861
127868
127871
127879
127886
127889
127897
127904
127907
127915
127922
127925
127933
127940
127943
127951
127958
127961
127969
127976
127979
127987
127994
127997
128005
128012
128015
128023
128030
128033
128041
128048
128051
128059
128066
128069
128077
128084
128087
128095
128102
128105
128113
128120
128123
128131
128138
128141
128149
128156
128159
128167
128174
128177
128185
128192
128195
128203
128210
128213
128221
128228
128231
128239
128246
128249
128257
128264
128267
128275
128282
128285
128293
128300
128303
128311
128318
128321
128329
128336
128339
128347
128354
128357
128365
128372
128375
128383
128390
128393
128401
128408
128411
128418
128426
128428
128437
128443
128449
129159
129164
129169
129195
129199
129203
129226
129232
129238
129259
129271
129279
129283
129291
129298
129301
129309
129316
129319
129327
129334
129337
129345
129352
129355
129363
129370
129373
129381
129388
129391
129399
129406
129409
129417
129424
129427
129435
129442
129445
129453
129460
129463
129471
129478
129481
129489
129496
129499
129507
129514
129517
129525
129532
129535
129543
129550
129553
129561
129568
129571
129579
129586
129589
129597
129604
129607
129615
129622
129625
129633
129640
129643
129651
129658
129661
129669
129676
129679
129687
129694
129697
129705
129712
129715
129723
129730
129733
129741
129748
129751
129759
129766
129769
129777
129784
129787
129795
129802
129805
129813
129820
129823
129831
129838
129841
129849
129856
129859
129867
129874
129877
129885
129892
129895
129903
129910
129913
129921
129928
129931
129939
129946
129949
129957
129964
129967
129974
129982
129984
129988
129993
129994
129996
130003
130004
130718
130735
130739
130741
130746
130753
130757
130758
130759
130765
130791
130809
130813
130818
130830
130841
130852
130860
130867
130870
130878
130885
130888
130896
130903
130906
130914
130921
130924
130932
130939
130942
130950
130957
130960
130968
130975
130978
130986
130993
130996
131004
131011
131014
131022
131029
131032
131040
131047
131050
131058
131065
131068
131076
131083
131086
131094
131101
131104
131112
131119
131122
131130
131137
131140
131148
131155
131158
131166
131173
131176
131184
131191
131194
131202
131209
131212
131220
131227
131230
131238
131245
131248
131256
131263
131266
131274
131281
131284
131292
131299
131302
131310
131317
131320
131328
131335
131338
131346
131353
131356
131364
131371
131374
131382
131389
131392
131400
131407
131410
131418
131425
131428
131436
131443
131446
131454
131461
131464
131472
131479
131482
131490
131497
131500
131508
131515
131518
131526
131533
131536
131544
131551
131554
131562
131569
131572
131588
131615
131620
131625
131627
132353
132358
132362
132363
132368
132407
132411
132416
132417
132422
132428
132433
132434
132440
132460
132463
132475
132483
132487
132495
132502
132505
132513
132520
132523
132531
132538
132541
132549
132556
132559
132567
132574
132577
132585
132592
132595
132603
132610
132613
132621
132628
132631
132639
132646
132649
132657
132664
132667
132675
132682
132685
132693
132700
132703
132711
132718
132721
132729
132736
132739
132747
132754
132757
132765
132772
132775
132783
132790
132793
132801
132808
132811
132819
132826
132829
132837
132844
132847
132855
132862
132865
132873
132880
132883
132891
132898
132901
132909
132916
132919
132927
132934
132937
132945
132952
132955
132963
132970
132973
132981
132988
132991
132999
133006
133009
133017
133024
133027
133035
133042
133045
133053
133060
133063
133071
133078
133081
133089
133096
133099
133107
133114
133117
133125
133132
133135
133143
133150
133153
133161
133168
133171
133179
133186
133189
133197
133204
133207
133214
133222
133224
133233
133239
133245
133991
133996
134001
134027
134031
134035
134058
134064
134070
134091
134103
134111
134115
134123
134130
134133
134141
134148
134151
134159
134166
134169
134177
134184
134187
134195
134202
134205
134213
134220
134223
134231
134238
134241
134249
134256
134259
134267
134274
134277
134285
134292
134295
134303
134310
134313
134321
134328
134331
134339
134346
134349
134357
134364
134367
134375
134382
134385
134393
134400
134403
134411
134418
134421
134429
134436
134439
134447
134454
134457
134465
134472
134475
134483
134490
134493
134501
134508
134511
134519
134526
134529
134537
134544
134547
134555
134562
134565
134573
134580
134583
134591
134598
134601
134609
134616
134619
134627
134634
134637
134645
134652
134655
134663
134670
134673
134681
134688
134691
134699
134706
134709
134717
134724
134727
134735
134742
134745
134753
134760
134763
134771
134778
134781
134789
134796
134799
134807
134814
134817
134825
134832
134835
134842
134850
134852
134861
134867
134873
135619
135624
135629
135655
135659
135663
135686
135692
135698
135719
135731
135739
135743
135751
135758
135761
135769
135776
135779
135787
135794
135797
135805
135812
135815
135823
135830
135833
135841
135848
135851
135859
135866
135869
135877
135884
135887
135895
135902
135905
135913
135920
135923
135931
135938
135941
135949
135956
135959
135967
135974
135977
135985
135992
135995
136003
136010
136013
136021
136028
136031
136039
136046
136049
136057
136064
136067
136075
136082
136085
136093
136100
136103
136111
136118
136121
136129
136136
136139
136147
136154
136157
136165
136172
136175
136183
136190
136193
136201
136208
136211
136219
136226
136229
136237
136244
136247
136255
136262
136265
136273
136280
136283
136291
136298
136301
136309
136316
136319
136327
136334
136337
136345
136352
136355
136363
136370
136373
136381
136388
136391
136399
136406
136409
136417
136424
136427
136435
136442
136445
136453
136460
136463
136470
136478
136480
136489
136495
136496
136501
136503
137247
137252
137257
137275
137283
137287
137288
137291
137292
137314
137320
137326
137341
137347
137359
137367
137371
137379
137386
137389
137397
137404
137407
137415
137422
137425
137433
137440
137443
137451
137458
137461
137469
137476
137479
137487
137494
137497
137505
137512
137515
137523
137530
137533
137541
137548
137551
137559
137566
137569
137577
137584
137587
137595
137602
137605
137613
137620
137623
137631
137638
137641
137649
137656
137659
137667
137674
137677
137685
137692
137695
137703
137710
137713
137721
137728
137731
137739
137746
137749
137757
137764
137767
137775
137782
137785
137793
137800
137803
137811
137818
137821
137829
137836
137839
137847
137854
137857
137865
137872
137875
137883
137890
137893
137901
137908
137911
137919
137926
137929
137937
137944
137947
137955
137962
137965
137973
137980
137983
137991
137998
138001
138009
138016
138019
138027
138034
138037
138045
138052
138055
138063
138070
138073
138081
138088
138091
138098
138106
138108
138113
138114
138120
138127
138128
138894
138899
138901
138906
138914
138919
138925
138968
138973
138978
138990
139000
139008
139012
139020
139027
139030
139038
139045
139048
139056
139063
139066
139074
139081
139084
139092
139099
139102
139110
139117
139120
139128
139135
139138
139146
139153
139156
139164
139171
139174
139182
139189
139192
139200
139207
139210
139218
139225
139228
139236
139243
139246
139254
139261
139264
139272
139279
139282
139290
139297
139300
139308
139315
139318
139326
139333
139336
139344
139351
139354
139362
139369
139372
139380
139387
139390
139398
139405
139408
139416
139423
139426
139434
139441
139444
139452
139459
139462
139470
139477
139480
139488
139495
139498
139506
139513
139516
139524
139531
139534
139542
139549
139552
139560
139567
139570
139578
139585
139588
139596
139603
139606
139614
139621
139624
139632
139639
139642
139650
139657
139660
139668
139675
139678
139686
139693
139696
139704
139711
139714
139722
139729
139732
139739
139747
139749
139754
139755
139761
139768
139769
140535
140540
140542
140547
140555
140560
140566
140609
140614
140619
140631
140641
140649
140653
140661
140668
140671
140679
140686
140689
140697
140704
140707
140715
140722
140725
140733
140740
140743
140751
140758
140761
140769
140776
140779
140787
140794
140797
140805
140812
140815
140823
140830
140833
140841
140848
140851
140859
140866
140869
140877
140884
140887
140895
140902
140905
140913
140920
140923
140931
140938
140941
140949
140956
140959
140967
140974
140977
140985
140992
140995
141003
141010
141013
141021
141028
141031
141039
141046
141049
141057
141064
141067
141075
141082
141085
141093
141100
141103
141111
141118
141121
141129
141136
141139
141147
141154
141157
141165
141172
141175
141183
141190
141193
141201
141208
141211
141219
141226
141229
141237
141244
141247
141255
141262
141265
141273
141280
141283
141291
141298
141301
141309
141316
141319
141327
141334
141337
141345
141352
141355
141363
141370
141373
141380
141388
141390
141395
141396
141402
141409
141410
142176
142181
142183
142188
142196
142201
142207
142250
142255
142260
142272
142282
142290
142294
142302
142309
142312
142320
142327
142330
142338
142345
142348
142356
142363
142366
142374
142381
142384
142392
142399
142402
142410
142417
142420
142428
142435
142438
142446
142453
142456
142464
142471
142474
142482
142489
142492
142500
142507
142510
142518
142525
142528
142536
142543
142546
142554
142561
142564
142572
142579
142582
142590
142597
142600
142608
142615
142618
142626
142633
142636
142644
142651
142654
142662
142669
142672
142680
142687
142690
142698
142705
142708
142716
142723
142726
142734
142741
142744
142752
142759
142762
142770
142777
142780
142788
142795
142798
142806
142813
142816
142824
142831
142834
142842
142849
142852
142860
142867
142870
142878
142885
142888
142896
142903
142906
142914
142921
142924
142932
142939
142942
142950
142957
142960
142968
142975
142978
142986
142993
142996
143004
143011
143014
143021
143029
143031
143036
143037
143043
143049
143050
143051
143057
143817
143822
143824
143829
143831
143837
143842
143847
143848
143852
143891
143896
143901
143903
143913
143923
143931
143935
143943
143950
143953
143961
143968
143971
143979
143986
143989
143997
144004
144007
144015
144022
144025
144033
144040
144043
144051
144058
144061
144069
144076
144079
144087
144094
144097
144105
144112
144115
144123
144130
144133
144141
144148
144151
144159
144166
144169
144177
144184
144187
144195
144202
144205
144213
144220
144223
144231
144238
144241
144249
144256
144259
144267
144274
144277
144285
144292
144295
144303
144310
144313
144321
144328
144331
144339
144346
144349
144357
144364
144367
144375
144382
144385
144393
144400
144403
144411
144418
144421
144429
144436
144439
144447
144454
144457
144465
144472
144475
144483
144490
144493
144501
144508
144511
144519
144526
144529
144537
144544
144547
144555
144562
144565
144573
144580
144583
144591
144598
144601
144609
144616
144619
144627
144634
144637
144645
144652
144655
144662
144670
144672
144681
144687
144693
145439
145444
145449
145475
145479
145483
145506
145512
145518
145539
145551
145559
145563
145571
145578
145581
145589
145596
145599
145607
145614
145617
145625
145632
145635
145643
145650
145653
145661
145668
145671
145679
145686
145689
145697
145704
145707
145715
145722
145725
145733
145740
145743
145751
145758
145761
145769
145776
145779
145787
145794
145797
145805
145812
145815
145823
145830
145833
145841
145848
145851
145859
145866
145869
145877
145884
145887
145895
145902
145905
145913
145920
145923
145931
145938
145941
145949
145956
145959
145967
145974
145977
145985
145992
145995
146003
146010
146013
146021
146028
146031
146039
146046
146049
146057
146064
146067
146075
146082
146085
146093
146100
146103
146111
146118
146121
146129
146136
146139
146147
146154
146157
146165
146172
146175
146183
146190
146193
146201
146208
146211
146219
146226
146229
146237
146244
146247
146255
146262
146265
146273
146280
146283
146290
146298
146300
146309
146315
146321
147067
147072
147077
147103
147107
147111
147134
147140
147146
147167
147179
147187
147191
147199
147206
147209
147217
147224
147227
147235
147242
147245
147253
147260
147263
147271
147278
147281
147289
147296
147299
147307
147314
147317
147325
147332
147335
147343
147350
147353
147361
147368
147371
147379
147386
147389
147397
147404
147407
147415
147422
147425
147433
147440
147443
147451
147458
147461
147469
147476
147479
147487
147494
147497
147505
147512
147515
147523
147530
147533
147541
147548
147551
147559
147566
147569
147577
147584
147587
147595
147602
147605
147613
147620
147623
147631
147638
147641
147649
147656
147659
147667
147674
147677
147685
147692
147695
147703
147710
147713
147721
147728
147731
147739
147746
147749
147757
147764
147767
147775
147782
147785
147793
147800
147803
147811
147818
147821
147829
147836
147839
147847
147854
147857
147865
147872
147875
147883
147890
147893
147901
147908
147911
147918
147926
147928
147937
147943
147949
147966
148695
148700
148701
148705
148707
148731
148735
148739
148753
148762
148768
148769
148774
148776
148795
148796
148806
148816
148824
148831
148834
148842
148849
148852
148860
148867
148870
148878
148885
148888
148896
148903
148906
148914
148921
148924
148932
148939
148942
148950
148957
148960
148968
148975
148978
148986
148993
148996
149004
149011
149014
149022
149029
149032
149040
149047
149050
149058
149065
149068
149076
149083
149086
149094
149101
149104
149112
149119
149122
149130
149137
149140
149148
149155
149158
149166
149173
149176
149184
149191
149194
149202
149209
149212
149220
149227
149230
149238
149245
149248
149256
149263
149266
149274
149281
149284
149292
149299
149302
149310
149317
149320
149328
149335
149338
149346
149353
149356
149364
149371
149374
149382
149389
149392
149400
149407
149410
149418
149425
149428
149436
149443
149446
149454
149461
149464
149472
149479
149482
149490
149497
149500
149508
149515
149518
149526
149533
149536
149549
149573
149578
149583
150311
150316
150321
150359
150363
150368
150374
150380
150386
150409
150423
150431
150435
150443
150450
150453
150461
150468
150471
150479
150486
150489
150497
150504
150507
150515
150522
150525
150533
150540
150543
150551
150558
150561
150569
150576
150579
150587
150594
150597
150605
150612
150615
150623
150630
150633
150641
150648
150651
150659
150666
150669
150677
150684
150687
150695
150702
150705
150713
150720
150723
150731
150738
150741
150749
150756
150759
150767
150774
150777
150785
150792
150795
150803
150810
150813
150821
150828
150831
150839
150846
150849
150857
150864
150867
150875
150882
150885
150893
150900
150903
150911
150918
150921
150929
150936
150939
150947
150954
150957
150965
150972
150975
150983
150990
150993
151001
151008
151011
151019
151026
151029
151037
151044
151047
151055
151062
151065
151073
151080
151083
151091
151098
151101
151109
151116
151119
151126
151134
151136
151140
151141
151142
151145
151153
151160
151875
151880
151886
151887
151905
151906
151909
151915
151920
151954
151959
151963
151964
151988
151996
152000
152008
152015
152018
152026
152033
152036
152044
152051
152054
152062
152069
152072
152080
152087
152090
152098
152105
152108
152116
152123
152126
152134
152141
152144
152152
152159
152162
152170
152177
152180
152188
152195
152198
152206
152213
152216
152224
152231
152234
152242
152249
152252
152260
152267
152270
152278
152285
152288
152296
152303
152306
152314
152321
152324
152332
152339
152342
152350
152357
152360
152368
152375
152378
152386
152393
152396
152404
152411
152414
152422
152429
152432
152440
152447
152450
152458
152465
152468
152476
152483
152486
152494
152501
152504
152512
152519
152522
152530
152537
152540
152548
152555
152558
152566
152573
152576
152584
152591
152594
152602
152609
152612
152620
152627
152630
152638
152645
152648
152656
152663
152666
152674
152681
152684
152691
152699
152701
152710
152716
152722
152739
153432
153437
153438
153442
153444
153468
153472
153476
153490
153499
153504
153505
153509
153510
153535
153545
153553
153560
153563
153571
153578
153581
153589
153596
153599
153607
153614
153617
153625
153632
153635
153643
153650
153653
153661
153668
153671
153679
153686
153689
153697
153704
153707
153715
153722
153725
153733
153740
153743
153751
153758
153761
153769
153776
153779
153787
153794
153797
153805
153812
153815
153823
153830
153833
153841
153848
153851
153859
153866
153869
153877
153884
153887
153895
153902
153905
153913
153920
153923
153931
153938
153941
153949
153956
153959
153967
153974
153977
153985
153992
153995
154003
154010
154013
154021
154028
154031
154039
154046
154049
154057
154064
154067
154075
154082
154085
154093
154100
154103
154111
154118
154121
154129
154136
154139
154147
154154
154157
154165
154172
154175
154183
154190
154193
154201
154208
154211
154219
154226
154229
154242
154263
154268
154272
154273
154278
154965
154970
154975
154977
155007
155011
155014
155016
155018
155022
155027
155033
155034
155059
155067
155071
155079
155086
155089
155097
155104
155107
155115
155122
155125
155133
155140
155143
155151
155158
155161
155169
155176
155179
155187
155194
155197
155205
155212
155215
155223
155230
155233
155241
155248
155251
155259
155266
155269
155277
155284
155287
155295
155302
155305
155313
155320
155323
155331
155338
155341
155349
155356
155359
155367
155374
155377
155385
155392
155395
155403
155410
155413
155421
155428
155431
155439
155446
155449
155457
155464
155467
155475
155482
155485
155493
155500
155503
155511
155518
155521
155529
155536
155539
155547
155554
155557
155565
155572
155575
155583
155590
155593
155601
155608
155611
155619
155626
155629
155637
155644
155647
155655
155662
155665
155673
155680
155683
155691
155698
155701
155709
155716
155719
155726
155734
155736
155745
155751
155757
155774
156431
156436
156437
156441
156443
156467
156471
156475
156492
156503
156509
156510
156514
156515
156536
156546
156554
156561
156564
156572
156579
156582
156590
156597
156600
156608
156615
156618
156626
156633
156636
156644
156651
156654
156662
156669
156672
156680
156687
156690
156698
156705
156708
156716
156723
156726
156734
156741
156744
156752
156759
156762
156770
156777
156780
156788
156795
156798
156806
156813
156816
156824
156831
156834
156842
156849
156852
156860
156867
156870
156878
156885
156888
156896
156903
156906
156914
156921
156924
156932
156939
156942
156950
156957
156960
156968
156975
156978
156986
156993
156996
157004
157011
157014
157022
157029
157032
157040
157047
157050
157058
157065
157068
157076
157083
157086
157094
157101
157104
157112
157119
157122
157130
157137
157140
157148
157155
157158
157166
157173
157176
157184
157191
157194
157207
157228
157233
157237
157238
157243
157894
157899
157904
157906
157936
157940
157943
157945
157947
157951
157956
157962
157963
157986
157994
157998
158006
158013
158016
158024
158031
158034
158042
158049
158052
158060
158067
158070
158078
158085
158088
158096
158103
158106
158114
158121
158124
158132
158139
158142
158150
158157
158160
158168
158175
158178
158186
158193
158196
158204
158211
158214
158222
158229
158232
158240
158247
158250
158258
158265
158268
158276
158283
158286
158294
158301
158304
158312
158319
158322
158330
158337
158340
158348
158355
158358
158366
158373
158376
158384
158391
158394
158402
158409
158412
158420
158427
158430
158438
158445
158448
158456
158463
158466
158474
158481
158484
158492
158499
158502
158510
158517
158520
158528
158535
158538
158546
158553
158556
158564
158571
158574
158582
158589
158592
158600
158607
158610
158617
158625
158627
158636
158642
158648
158665
159286
159291
159292
159296
159298
159322
159326
159330
159347
159358
159364
159365
159369
159370
159390
159398
159402
159410
159417
159420
159428
159435
159438
159446
159453
159456
159464
159471
159474
159482
159489
159492
159500
159507
159510
159518
159525
159528
159536
159543
159546
159554
159561
159564
159572
159579
159582
159590
159597
159600
159608
159615
159618
159626
159633
159636
159644
159651
159654
159662
159669
159672
159680
159687
159690
159698
159705
159708
159716
159723
159726
159734
159741
159744
159752
159759
159762
159770
159777
159780
159788
159795
159798
159806
159813
159816
159824
159831
159834
159842
159849
159852
159860
159867
159870
159878
159885
159888
159896
159903
159906
159914
159921
159924
159932
159939
159942
159950
159957
159960
159968
159975
159978
159985
159993
159995
159999
160000
160001
160004
160012
160019
160036
160626
160627
160631
160633
160637
160638
160656
160657
160660
160666
160671
160688
160705
160706
160710
160711
160714
160715
160733
160743
160751
160758
160761
160769
160776
160779
160787
160794
160797
160805
160812
160815
160823
160830
160833
160841
160848
160851
160859
160866
160869
160877
160884
160887
160895
160902
160905
160913
160920
160923
160931
160938
160941
160949
160956
160959
160967
160974
160977
160985
160992
160995
161003
161010
161013
161021
161028
161031
161039
161046
161049
161057
161064
161067
161075
161082
161085
161093
161100
161103
161111
161118
161121
161129
161136
161139
161147
161154
161157
161165
161172
161175
161183
161190
161193
161201
161208
161211
161219
161226
161229
161237
161244
161247
161255
161262
161265
161273
161280
161283
161291
161298
161301
161309
161316
161319
161332
161353
161358
161362
161363
161368
161947
161952
161957
161959
161989
161993
161996
161998
162000
162004
162009
162015
162016
162037
162049
162057
162064
162067
162075
162082
162085
162093
162100
162103
162111
162118
162121
162129
162136
162139
162147
162154
162157
162165
162172
162175
162183
162190
162193
162201
162208
162211
162219
162226
162229
162237
162244
162247
162255
162262
162265
162273
162280
162283
162291
162298
162301
162309
162316
162319
162327
162334
162337
162345
162352
162355
162363
162370
162373
162381
162388
162391
162399
162406
162409
162417
162424
162427
162435
162442
162445
162453
162460
162463
162471
162478
162481
162489
162496
162499
162507
162514
162517
162525
162532
162535
162543
162550
162553
162561
162568
162571
162579
162586
162589
162596
162604
162615
162630
162634
162638
162639
162644
163186
163189
163190
163192
163197
163199
163223
163234
163239
163242
163244
163246
163249
163255
163256
163258
163264
163265
163285
163297
163305
163312
163315
163323
163330
163333
163341
163348
163351
163359
163366
163369
163377
163384
163387
163395
163402
163405
163413
163420
163423
163431
163438
163441
163449
163456
163459
163467
163474
163477
163485
163492
163495
163503
163510
163513
163521
163528
163531
163539
163546
163549
163557
163564
163567
163575
163582
163585
163593
163600
163603
163611
163618
163621
163629
163636
163639
163647
163654
163657
163665
163672
163675
163683
163690
163693
163701
163708
163711
163719
163726
163729
163737
163744
163747
163755
163762
163765
163773
163780
163783
163791
163798
163801
163808
163816
163827
163842
163846
163850
163851
163856
164362
164365
164366
164368
164373
164375
164399
164410
164415
164418
164420
164422
164425
164431
164432
164434
164440
164441
164461
164478
164485
164488
164496
164503
164506
164514
164521
164524
164532
164539
164542
164550
164557
164560
164568
164575
164578
164586
164593
164596
164604
164611
164614
164622
164629
164632
164640
164647
164650
164658
164665
164668
164676
164683
164686
164694
164701
164704
164712
164719
164722
164730
164737
164740
164748
164755
164758
164766
164773
164776
164784
164791
164794
164802
164809
164812
164820
164827
164830
164838
164845
164848
164856
164863
164866
164874
164881
164884
164892
164899
164902
164910
164917
164920
164928
164935
164938
164945
164961
164974
164976
164977
164983
164988
165005
165451
165452
165456
165458
165460
165462
165463
165464
165497
165505
165508
165510
165516
165520
165537
165554
165555
165559
165560
165562
165565
165567
165568
165595
165603
165607
165615
165622
165625
165633
165640
165643
165651
165658
165661
165669
165676
165679
165687
165694
165697
165705
165712
165715
165723
165730
165733
165741
165748
165751
165759
165766
165769
165777
165784
165787
165795
165802
165805
165813
165820
165823
165831
165838
165841
165849
165856
165859
165867
165874
165877
165885
165892
165895
165903
165910
165913
165921
165928
165931
165939
165946
165949
165957
165964
165967
165975
165982
165985
165993
166000
166003
166010
166018
166020
166039
166040
166041
166043
166050
166056
166070
166073
166076
166483
166484
166487
166488
166490
166494
166495
166537
166538
166540
166545
166549
166563
166566
166567
166583
166584
166586
166588
166589
166592
166593
166621
166638
166645
166648
166656
166663
166666
166674
166681
166684
166692
166699
166702
166710
166717
166720
166728
166735
166738
166746
166753
166756
166764
166771
166774
166782
166789
166792
166800
166807
166810
166818
166825
166828
166836
166843
166846
166854
166861
166864
166872
166879
166882
166890
166897
166900
166908
166915
166918
166926
166933
166936
166944
166951
166954
166962
166969
166972
166980
166987
166990
166997
167014
167029
167031
167032
167038
167043
167057
167060
167063
167398
167399
167402
167403
167405
167407
167409
167410
167411
167448
167458
167461
167463
167469
167473
167487
167490
167491
167507
167508
167510
167512
167513
167515
167518
167520
167521
167551
167568
167575
167578
167586
167593
167596
167604
167611
167614
167622
167629
167632
167640
167647
167650
167658
167665
167668
167676
167683
167686
167694
167701
167704
167712
167719
167722
167730
167737
167740
167748
167755
167758
167766
167773
167776
167784
167791
167794
167802
167809
167812
167820
167827
167830
167838
167845
167848
167855
167886
167899
167901
167902
167908
167913
167927
167930
167933
167948
168179
168185
168196
168197
168200
168201
168203
168205
168207
168208
168209
168269
168277
168280
168282
168288
168292
168307
168309
168311
168327
168345
168350
168363
168364
168366
168367
168368
168370
168373
168375
168376
168415
168432
168439
168442
168450
168457
168460
168468
168475
168478
168486
168493
168496
168504
168511
168514
168522
168529
168532
168540
168547
168550
168558
168565
168568
168576
168583
168586
168594
168601
168604
168611
168655
168656
168657
168659
168676
168678
168679
168685
168690
168704
168707
168710
168722
168725
168728
168740
168743
168746
168830
168833
168836
168848
168851
168854
168865
168866
168869
168870
168872
168874
168876
168877
168894
168895
168967
168968
168970
168982
168985
168987
168993
168997
169012
169014
169016
169030
169032
169034
169048
169050
169052
169138
169140
169142
169156
169158
169160
169173
169174
169176
169177
169178
169180
169183
169185
169199
169200
169293
169306
169307
169309
169310
169327
169328
169330
169331
169348
169349
169351
169352
169369
169370
169372
169373
169374
169502
169510
169512
169513
169525
169527
169528
169540
169542
169543
169555
169557
169558
169559
198205
199882
199954
200018
200081
201073
201075
201078
201496
)
;
    flipMap         List<bool> 
7217
(
1
1
1
1
1
1
1
1
1
1
1
1
1
0
0
0
0
0
0
0
0
0
0
0
0
0
0
0
0
0
1
1
1
1
0
0
0
0
0
0
0
1
1
1
1
0
0
0
0
0
0
1
1
1
1
0
0
0
0
0
0
0
0
0
0
0
0
0
0
0
0
0
0
0
0
1
1
1
0
0
0
0
1
1
0
1
1
1
0
0
0
0
0
0
0
0
0
0
0
0
0
0
0
0
0
0
0
0
0
0
0
1
1
1
0
0
0
1
1
0
1
1
0
0
0
0
0
0
0
0
0
0
0
0
0
0
0
0
0
0
0
0
0
0
0
0
0
0
0
1
1
0
0
0
1
1
0
1
1
1
0
0
0
0
0
0
0
0
0
0
0
0
0
0
0
0
0
0
0
0
0
0
0
0
0
0
0
0
1
1
1
0
0
1
1
1
1
1
1
0
0
0
0
0
0
0
0
0
0
0
0
0
0
0
0
0
0
0
0
0
0
0
0
0
0
0
0
0
0
0
1
1
0
0
0
0
1
1
0
0
0
0
0
0
0
0
0
0
0
0
0
0
0
0
0
0
0
0
0
0
0
0
0
0
0
0
0
0
0
0
0
1
1
0
0
0
0
1
0
0
0
0
0
0
0
0
0
0
0
0
0
0
0
0
0
0
0
0
0
0
0
0
0
0
0
0
0
0
0
0
0
0
0
1
0
0
0
0
0
0
0
0
0
0
0
0
0
0
0
0
0
0
0
0
0
0
0
0
0
0
0
0
0
0
0
0
0
0
0
0
0
0
0
0
1
1
0
0
1
1
1
1
0
0
0
0
0
0
0
0
0
0
0
0
0
0
0
0
0
0
0
0
0
0
0
0
0
0
0
0
0
0
0
0
0
0
0
0
0
0
1
0
0
1
1
1
0
0
0
0
0
0
0
0
0
0
0
0
0
0
0
0
0
0
0
0
0
0
0
0
0
0
0
0
0
0
0
0
0
0
0
0
0
0
0
1
0
0
0
0
0
0
0
0
0
0
0
0
0
0
0
0
0
0
0
0
0
0
0
0
0
0
0
0
0
0
0
0
0
0
0
0
0
0
0
0
0
0
0
0
1
0
0
1
1
1
0
0
0
0
0
0
0
0
0
0
0
0
0
0
0
0
0
0
0
0
0
0
0
0
0
0
0
0
0
0
0
0
0
0
0
0
0
0
0
0
0
1
0
0
0
0
0
0
0
0
0
0
0
0
0
0
0
0
0
0
0
0
0
0
0
0
0
0
0
0
0
0
0
0
0
0
0
0
0
0
0
0
0
0
0
0
0
0
1
0
0
1
1
0
0
0
0
0
0
0
0
0
0
0
0
0
0
0
0
0
0
0
0
0
0
0
0
0
0
0
0
0
0
0
0
0
0
0
0
0
0
0
0
0
1
1
0
1
1
1
1
1
0
0
0
0
0
0
0
0
0
0
0
0
0
0
0
0
0
0
0
0
0
0
0
0
0
0
0
0
0
0
0
0
0
0
0
0
0
0
0
0
0
0
1
0
0
0
0
0
0
0
0
0
0
0
0
0
0
0
0
0
0
0
0
0
0
0
0
0
0
0
0
0
0
0
0
0
0
0
0
0
0
0
0
0
0
0
0
0
0
1
0
0
1
1
0
0
0
0
0
0
0
0
0
0
0
0
0
0
0
0
0
0
0
0
0
0
0
0
0
0
0
0
0
0
0
0
0
0
0
0
0
0
0
0
0
0
0
1
0
1
1
0
0
0
0
0
0
0
0
0
0
0
0
0
0
0
0
0
0
0
0
0
0
0
0
0
0
0
0
0
0
0
0
0
0
0
0
0
0
0
0
0
0
0
1
0
1
1
1
0
0
0
0
0
0
0
0
0
0
0
0
0
0
0
0
0
0
0
0
0
0
0
0
0
0
0
0
0
0
0
0
0
0
0
0
0
0
0
0
0
0
0
0
0
1
0
0
0
0
1
0
0
0
0
0
0
0
0
0
0
0
0
0
0
0
0
0
0
0
0
0
0
0
0
0
0
0
0
0
0
0
0
0
0
0
0
0
0
0
0
0
0
0
0
1
0
0
1
0
0
0
0
0
0
0
0
0
0
0
0
0
0
0
0
0
0
0
0
0
0
0
0
0
0
0
0
0
0
0
0
0
0
0
0
0
0
0
0
0
0
0
0
1
0
0
1
0
0
0
0
0
0
0
0
0
0
0
0
0
0
0
0
0
0
0
0
0
0
0
0
0
0
0
0
0
0
0
0
0
0
0
0
0
0
0
0
0
0
0
0
1
0
0
0
0
0
0
0
0
0
0
0
0
0
0
0
0
0
0
0
0
0
0
0
0
0
0
0
0
0
0
0
0
0
0
0
0
0
0
0
0
0
0
0
0
0
1
1
0
1
1
1
1
0
0
0
0
0
0
0
0
0
0
0
0
0
0
0
0
0
0
0
0
0
0
0
0
0
0
0
0
0
0
0
0
0
0
0
0
0
0
0
0
0
0
0
1
0
1
1
0
0
0
0
0
0
0
0
0
0
0
0
0
0
0
0
0
0
0
0
0
0
0
0
0
0
0
0
0
0
0
0
0
0
0
0
0
0
0
0
0
0
0
1
0
1
1
1
1
0
0
0
0
0
0
0
0
0
0
0
0
0
0
0
0
0
0
0
0
0
0
0
0
0
0
0
0
0
0
0
0
0
0
0
0
0
0
0
0
0
0
1
1
0
1
0
0
0
0
0
0
0
0
0
0
0
0
0
0
0
0
0
0
0
0
0
0
0
0
0
0
0
0
0
0
0
0
0
0
0
0
0
0
0
0
0
0
0
1
0
0
0
0
0
0
0
0
0
0
0
0
0
0
0
0
0
0
0
0
0
0
0
0
0
0
0
0
0
0
0
0
0
0
0
0
0
0
0
0
0
0
0
1
0
1
1
1
0
0
0
0
0
0
0
0
0
0
0
0
0
0
0
0
0
0
0
0
0
0
0
0
0
0
0
0
0
0
0
0
0
0
0
0
0
0
0
0
1
1
0
0
0
0
0
0
0
0
0
0
0
0
0
0
0
0
0
0
0
0
0
0
0
0
0
0
0
0
0
0
0
0
0
0
0
0
0
0
0
0
1
1
0
1
1
1
1
0
0
0
0
0
0
0
0
0
0
0
0
0
0
0
0
0
0
0
0
0
0
0
0
0
0
0
0
0
0
0
0
0
0
0
0
0
0
1
1
0
0
0
0
0
0
0
0
0
0
0
0
0
0
0
0
0
0
0
0
0
0
0
0
0
0
0
0
0
0
0
0
0
0
0
0
0
0
1
1
0
1
1
1
1
0
0
0
0
0
0
0
0
0
0
0
0
0
0
0
0
0
0
0
0
0
0
0
0
0
0
0
0
0
0
0
0
0
0
0
0
0
1
1
0
0
1
1
0
0
0
0
0
0
0
0
0
0
0
0
0
0
0
0
0
0
0
0
0
0
0
0
0
0
0
0
0
0
0
0
0
0
1
1
0
0
0
0
0
0
0
0
0
0
0
0
0
0
0
0
0
0
0
0
0
0
0
0
0
0
0
0
0
0
0
0
0
0
0
1
1
0
0
1
1
0
0
0
0
0
0
0
0
0
0
0
0
0
0
0
0
0
0
0
0
0
0
0
0
0
0
0
0
0
0
0
0
1
1
0
0
1
1
0
0
0
0
0
0
0
0
0
0
0
0
0
0
0
0
0
0
0
0
0
0
0
0
0
0
0
0
0
0
0
1
1
0
0
0
1
1
1
1
0
0
0
0
0
0
0
0
0
0
0
0
0
0
0
0
0
0
0
0
0
0
0
0
0
0
0
1
1
0
0
1
0
0
0
0
0
0
0
0
0
0
0
0
0
0
0
0
0
0
0
0
0
0
0
0
0
1
1
1
0
0
0
1
1
1
0
0
0
0
0
0
0
0
0
0
0
0
0
0
0
0
0
0
0
0
0
1
1
1
0
0
0
1
1
1
1
1
0
0
0
0
0
0
0
0
0
0
0
0
0
0
0
0
0
1
1
1
1
0
0
0
0
1
1
1
1
0
0
0
0
0
0
0
0
0
1
1
1
1
1
1
1
0
0
0
0
0
1
1
1
1
1
1
1
1
1
1
1
1
1
1
1
1
1
1
0
0
1
1
1
0
0
1
1
1
0
0
1
1
1
0
0
0
0
1
1
1
1
1
1
1
1
1
1
1
1
1
1
1
1
1
1
1
1
1
1
1
1
1
1
1
1
1
1
1
1
0
0
1
1
1
1
1
1
1
1
1
1
1
1
1
1
1
1
1
0
1
1
1
1
1
1
1
1
1
1
1
1
1
1
1
1
1
1
1
1
1
1
1
1
1
1
1
1
1
1
1
1
1
1
1
1
1
1
1
1
1
1
1
0
1
1
1
1
1
1
0
1
1
1
1
0
0
1
0
1
1
1
1
1
1
1
1
1
1
1
1
1
1
1
1
0
1
1
1
1
0
1
0
1
1
1
1
1
1
0
1
1
1
1
1
1
1
1
1
1
1
1
1
1
1
1
1
1
1
1
1
1
1
1
1
1
1
1
1
1
1
1
1
1
1
1
1
1
1
1
1
1
1
1
1
1
1
1
1
1
1
1
1
1
1
1
1
1
1
1
1
1
1
0
1
1
1
0
0
1
1
1
1
1
1
1
1
1
1
1
1
0
1
1
1
0
0
1
1
1
1
0
1
1
1
1
1
1
1
1
1
1
1
1
1
1
1
1
1
1
1
1
1
1
1
1
1
1
1
1
1
1
1
1
1
1
1
1
1
1
1
1
1
1
1
1
1
1
1
1
1
1
1
1
1
1
1
1
1
1
1
1
1
1
1
1
1
1
1
1
1
1
1
1
1
1
0
1
1
1
0
0
1
1
1
1
1
1
1
1
1
1
1
1
0
1
1
1
0
0
1
1
1
1
0
1
1
1
1
1
1
1
1
1
1
1
1
1
1
1
1
1
1
1
1
1
1
1
1
1
1
1
1
1
1
1
1
1
1
1
1
1
1
1
1
1
1
1
1
1
1
1
1
1
1
1
1
1
1
1
1
1
1
1
1
1
1
1
1
1
1
1
1
1
1
1
1
1
1
1
1
1
0
1
1
0
1
0
0
1
0
1
1
1
1
1
1
1
0
1
0
1
0
1
0
1
1
1
1
1
1
1
1
1
1
1
1
1
1
1
1
1
1
1
1
1
1
1
1
1
1
1
1
1
1
1
1
1
1
1
1
1
1
1
1
1
1
1
1
1
1
1
1
1
1
1
1
1
1
1
1
1
1
1
1
1
1
1
1
1
1
1
1
1
1
1
1
1
1
1
1
1
1
1
1
1
1
1
1
1
1
1
1
1
1
1
0
1
1
1
0
0
1
1
1
1
1
1
1
1
1
0
1
1
1
0
0
1
1
0
1
1
1
1
1
1
1
1
1
1
1
1
1
1
1
1
1
1
1
1
1
1
1
1
1
1
1
1
1
1
1
1
1
1
1
1
1
1
1
1
1
1
1
1
1
1
1
1
1
1
1
1
1
1
1
1
1
1
1
1
1
1
1
1
1
1
1
1
1
1
1
1
1
1
1
1
1
1
1
1
1
1
1
1
1
1
1
1
1
1
1
1
1
1
1
1
0
1
0
0
1
1
1
1
1
1
1
1
0
1
0
0
1
1
0
1
1
1
1
1
1
1
1
1
1
1
1
1
1
1
1
1
1
1
1
1
1
1
1
1
1
1
1
1
1
1
1
1
1
1
1
1
1
1
1
1
1
1
1
1
1
1
1
1
1
1
1
1
1
1
1
1
1
1
1
1
1
1
1
1
1
1
1
1
1
1
1
1
1
1
1
1
1
1
1
1
1
1
1
1
1
1
1
1
1
1
1
1
1
1
1
1
1
1
1
1
1
0
1
0
0
1
1
1
1
1
1
1
1
0
1
0
0
1
1
0
1
1
1
1
1
1
1
1
1
1
1
1
1
1
1
1
1
1
1
1
1
1
1
1
1
1
1
1
1
1
1
1
1
1
1
1
1
1
1
1
1
1
1
1
1
1
1
1
1
1
1
1
1
1
1
1
1
1
1
1
1
1
1
1
1
1
1
1
1
1
1
1
1
1
1
1
1
1
1
1
1
1
1
1
1
1
1
1
1
1
1
1
1
1
1
1
1
1
1
1
1
1
1
0
0
1
0
1
1
1
1
1
0
0
1
0
1
0
1
1
1
1
1
1
1
1
1
1
1
1
1
1
1
1
1
1
1
1
1
1
1
1
1
1
1
1
1
1
1
1
1
1
1
1
1
1
1
1
1
1
1
1
1
1
1
1
1
1
1
1
1
1
1
1
1
1
1
1
1
1
1
1
1
1
1
1
1
1
1
1
1
1
1
1
1
1
1
1
1
1
1
1
1
1
1
1
1
1
1
1
1
1
1
1
1
1
1
1
1
1
1
1
1
1
1
0
1
1
0
1
0
0
1
0
1
1
1
1
1
1
1
0
1
0
1
0
1
0
1
1
1
1
1
1
1
1
1
1
1
1
1
1
1
1
1
1
1
1
1
1
1
1
1
1
1
1
1
1
1
1
1
1
1
1
1
1
1
1
1
1
1
1
1
1
1
1
1
1
1
1
1
1
1
1
1
1
1
1
1
1
1
1
1
1
1
1
1
1
1
1
1
1
1
1
1
1
1
1
1
1
1
1
1
1
1
1
1
1
1
1
1
1
1
1
1
1
1
1
1
1
1
1
1
1
1
1
1
1
1
1
1
1
0
0
0
1
1
1
1
1
1
0
0
0
1
0
1
1
1
1
1
1
1
1
1
1
1
1
1
1
1
1
1
1
1
1
1
1
1
1
1
1
1
1
1
1
1
1
1
1
1
1
1
1
1
1
1
1
1
1
1
1
1
1
1
1
1
1
1
1
1
1
1
1
1
1
1
1
1
1
1
1
1
1
1
1
1
1
1
1
1
1
1
1
1
1
1
1
1
1
1
1
1
1
1
1
1
1
1
1
1
1
1
1
1
1
1
1
1
1
1
1
1
1
1
1
1
1
1
1
1
0
0
1
0
1
1
1
1
1
0
0
1
0
1
0
1
1
1
1
1
1
1
1
1
1
1
1
1
1
1
1
1
1
1
1
1
1
1
1
1
1
1
1
1
1
1
1
1
1
1
1
1
1
1
1
1
1
1
1
1
1
1
1
1
1
1
1
1
1
1
1
1
1
1
1
1
1
1
1
1
1
1
1
1
1
1
1
1
1
1
1
1
1
1
1
1
1
1
1
1
1
1
1
1
1
1
1
1
1
1
1
1
1
1
1
1
1
1
1
1
1
1
1
1
1
1
1
1
1
1
1
1
1
1
1
0
0
0
1
1
1
1
1
1
0
0
0
1
0
1
1
1
1
1
1
1
1
1
1
1
1
1
1
1
1
1
1
1
1
1
1
1
1
1
1
1
1
1
1
1
1
1
1
1
1
1
1
1
1
1
1
1
1
1
1
1
1
1
1
1
1
1
1
1
1
1
1
1
1
1
1
1
1
1
1
1
1
1
1
1
1
1
1
1
1
1
1
1
1
1
1
1
1
1
1
1
1
1
1
1
1
1
1
1
1
1
1
1
1
1
1
1
1
1
1
1
1
1
1
1
1
1
1
1
1
1
1
1
1
1
0
0
1
0
1
1
1
1
1
0
0
1
0
1
0
1
1
1
1
1
1
1
1
1
1
1
1
1
1
1
1
1
1
1
1
1
1
1
1
1
1
1
1
1
1
1
1
1
1
1
1
1
1
1
1
1
1
1
1
1
1
1
1
1
1
1
1
1
1
1
1
1
1
1
1
1
1
1
1
1
1
1
1
1
1
1
1
1
1
1
1
1
1
1
1
1
1
1
1
1
1
1
1
1
1
1
1
1
1
1
1
1
1
1
1
1
1
1
1
1
1
1
1
1
1
1
1
1
1
1
1
1
1
1
1
1
1
1
1
0
0
0
1
1
1
0
0
0
0
1
1
1
1
1
1
1
1
1
1
1
1
1
1
1
1
1
1
1
1
1
1
1
1
1
1
1
1
1
1
1
1
1
1
1
1
1
1
1
1
1
1
1
1
1
1
1
1
1
1
1
1
1
1
1
1
1
1
1
1
1
1
1
1
1
1
1
1
1
1
1
1
1
1
1
1
1
1
1
1
1
1
1
1
1
1
1
1
1
1
1
1
1
1
1
1
1
1
1
1
1
1
1
1
1
1
1
1
1
1
1
1
1
1
1
1
1
1
1
1
1
1
1
1
0
1
0
1
0
0
0
1
1
1
1
1
0
1
0
0
0
1
1
1
1
1
1
1
1
1
1
1
1
1
1
1
1
1
1
1
1
1
1
1
1
1
1
1
1
1
1
1
1
1
1
1
1
1
1
1
1
1
1
1
1
1
1
1
1
1
1
1
1
1
1
1
1
1
1
1
1
1
1
1
1
1
1
1
1
1
1
1
1
1
1
1
1
1
1
1
1
1
1
1
1
1
1
1
1
1
1
1
1
1
1
1
1
1
1
1
1
1
1
1
1
1
1
1
1
1
1
1
1
1
1
1
1
1
1
1
1
1
1
1
1
1
1
1
0
0
1
0
1
1
1
1
1
0
0
1
0
1
0
1
1
1
1
1
1
1
1
1
1
1
1
1
1
1
1
1
1
1
1
1
1
1
1
1
1
1
1
1
1
1
1
1
1
1
1
1
1
1
1
1
1
1
1
1
1
1
1
1
1
1
1
1
1
1
1
1
1
1
1
1
1
1
1
1
1
1
1
1
1
1
1
1
1
1
1
1
1
1
1
1
1
1
1
1
1
1
1
1
1
1
1
1
1
1
1
1
1
1
1
1
1
1
1
1
1
1
1
1
1
1
1
1
1
1
1
1
1
1
1
1
1
1
1
1
1
1
1
1
1
0
0
0
1
1
1
0
0
0
0
1
1
1
1
1
1
1
1
1
1
1
1
1
1
1
1
1
1
1
1
1
1
1
1
1
1
1
1
1
1
1
1
1
1
1
1
1
1
1
1
1
1
1
1
1
1
1
1
1
1
1
1
1
1
1
1
1
1
1
1
1
1
1
1
1
1
1
1
1
1
1
1
1
1
1
1
1
1
1
1
1
1
1
1
1
1
1
1
1
1
1
1
1
1
1
1
1
1
1
1
1
1
1
1
1
1
1
1
1
1
1
1
1
1
1
1
1
1
1
1
1
1
1
1
1
1
1
1
1
0
0
0
1
1
1
0
0
0
0
1
1
1
1
1
1
1
1
1
1
1
1
1
1
1
1
1
1
1
1
1
1
1
1
1
1
1
1
1
1
1
1
1
1
1
1
1
1
1
1
1
1
1
1
1
1
1
1
1
1
1
1
1
1
1
1
1
1
1
1
1
1
1
1
1
1
1
1
1
1
1
1
1
1
1
1
1
1
1
1
1
1
1
1
1
1
1
1
1
1
1
1
1
1
1
1
1
1
1
1
1
1
1
1
1
1
1
1
1
1
1
1
1
1
1
1
1
1
1
1
1
1
1
1
1
1
1
1
1
1
1
0
0
0
1
1
1
1
1
1
0
0
0
1
0
1
1
1
1
1
1
1
1
1
1
1
1
1
1
1
1
1
1
1
1
1
1
1
1
1
1
1
1
1
1
1
1
1
1
1
1
1
1
1
1
1
1
1
1
1
1
1
1
1
1
1
1
1
1
1
1
1
1
1
1
1
1
1
1
1
1
1
1
1
1
1
1
1
1
1
1
1
1
1
1
1
1
1
1
1
1
1
1
1
1
1
1
1
1
1
1
1
1
1
1
1
1
1
1
1
1
1
1
1
1
1
1
1
1
1
1
1
1
1
1
1
1
1
1
1
1
0
1
1
0
1
0
0
0
0
1
1
1
0
0
0
0
1
1
1
1
1
1
1
1
1
1
1
1
1
1
1
1
1
1
1
1
1
1
1
1
1
1
1
1
1
1
1
1
1
1
1
1
1
1
1
1
1
1
1
1
1
1
1
1
1
1
1
1
1
1
1
1
1
1
1
1
1
1
1
1
1
1
1
1
1
1
1
1
1
1
1
1
1
1
1
1
1
1
1
1
1
1
1
1
1
1
1
1
1
1
1
1
1
1
1
1
1
1
1
1
1
1
1
1
1
1
1
1
1
1
1
1
1
1
1
1
1
1
1
1
1
1
0
1
1
0
1
0
0
0
0
1
1
1
0
0
0
0
1
1
1
1
1
1
1
1
1
1
1
1
1
1
1
1
1
1
1
1
1
1
1
1
1
1
1
1
1
1
1
1
1
1
1
1
1
1
1
1
1
1
1
1
1
1
1
1
1
1
1
1
1
1
1
1
1
1
1
1
1
1
1
1
1
1
1
1
1
1
1
1
1
1
1
1
1
1
1
1
1
1
1
1
1
1
1
1
1
1
1
1
1
1
1
1
1
1
1
1
1
1
1
1
1
1
1
1
1
1
1
1
1
1
1
1
1
1
1
1
1
1
1
1
1
1
0
1
1
0
1
0
0
0
0
1
1
1
0
0
0
0
1
1
1
1
1
1
1
1
1
1
1
1
1
1
1
1
1
1
1
1
1
1
1
1
1
1
1
1
1
1
1
1
1
1
1
1
1
1
1
1
1
1
1
1
1
1
1
1
1
1
1
1
1
1
1
1
1
1
1
1
1
1
1
1
1
1
1
1
1
1
1
1
1
1
1
1
1
1
1
1
1
1
1
1
1
1
1
1
1
1
1
1
1
1
1
1
1
1
1
1
1
1
1
1
1
1
1
1
1
1
1
1
1
1
1
1
1
1
1
1
1
1
1
1
1
1
0
1
1
0
0
1
0
0
0
0
0
0
1
1
0
1
0
0
0
0
0
0
1
1
1
1
1
1
1
1
1
1
1
1
1
1
1
1
1
1
1
1
1
1
1
1
1
1
1
1
1
1
1
1
1
1
1
1
1
1
1
1
1
1
1
1
1
1
1
1
1
1
1
1
1
1
1
1
1
1
1
1
1
1
1
1
1
1
1
1
1
1
1
1
1
1
1
1
1
1
1
1
1
1
1
1
1
1
1
1
1
1
1
1
1
1
1
1
1
1
1
1
1
1
1
1
1
1
1
1
1
1
1
1
1
1
1
1
1
1
1
1
1
1
1
1
1
1
1
1
1
0
0
0
1
1
1
0
0
0
0
1
1
1
1
1
1
1
1
1
1
1
1
1
1
1
1
1
1
1
1
1
1
1
1
1
1
1
1
1
1
1
1
1
1
1
1
1
1
1
1
1
1
1
1
1
1
1
1
1
1
1
1
1
1
1
1
1
1
1
1
1
1
1
1
1
1
1
1
1
1
1
1
1
1
1
1
1
1
1
1
1
1
1
1
1
1
1
1
1
1
1
1
1
1
1
1
1
1
1
1
1
1
1
1
1
1
1
1
1
1
1
1
1
1
1
1
1
1
1
1
1
1
1
1
1
1
1
1
1
0
0
0
1
1
1
0
0
0
0
1
1
1
1
1
1
1
1
1
1
1
1
1
1
1
1
1
1
1
1
1
1
1
1
1
1
1
1
1
1
1
1
1
1
1
1
1
1
1
1
1
1
1
1
1
1
1
1
1
1
1
1
1
1
1
1
1
1
1
1
1
1
1
1
1
1
1
1
1
1
1
1
1
1
1
1
1
1
1
1
1
1
1
1
1
1
1
1
1
1
1
1
1
1
1
1
1
1
1
1
1
1
1
1
1
1
1
1
1
1
1
1
1
1
1
1
1
1
1
1
1
1
1
1
1
1
1
1
1
0
0
0
0
0
0
1
1
1
0
0
0
0
0
0
0
0
1
1
1
1
1
1
1
1
1
1
1
1
1
1
1
1
1
1
1
1
1
1
1
1
1
1
1
1
1
1
1
1
1
1
1
1
1
1
1
1
1
1
1
1
1
1
1
1
1
1
1
1
1
1
1
1
1
1
1
1
1
1
1
1
1
1
1
1
1
1
1
1
1
1
1
1
1
1
1
1
1
1
1
1
1
1
1
1
1
1
1
1
1
1
1
1
1
1
1
1
1
1
1
1
1
1
1
1
1
1
1
1
1
1
1
1
1
1
1
1
1
1
1
1
1
1
0
0
0
1
1
1
0
0
0
0
1
1
1
1
1
1
1
1
1
1
1
1
1
1
1
1
1
1
1
1
1
1
1
1
1
1
1
1
1
1
1
1
1
1
1
1
1
1
1
1
1
1
1
1
1
1
1
1
1
1
1
1
1
1
1
1
1
1
1
1
1
1
1
1
1
1
1
1
1
1
1
1
1
1
1
1
1
1
1
1
1
1
1
1
1
1
1
1
1
1
1
1
1
1
1
1
1
1
1
1
1
1
1
1
1
1
1
1
1
1
1
1
1
1
1
1
1
1
1
1
0
0
1
0
1
1
0
0
0
0
0
1
0
1
1
0
0
0
0
1
1
1
1
1
1
1
1
1
1
1
1
1
1
1
1
1
1
1
1
1
1
1
1
1
1
1
1
1
1
1
1
1
1
1
1
1
1
1
1
1
1
1
1
1
1
1
1
1
1
1
1
1
1
1
1
1
1
1
1
1
1
1
1
1
1
1
1
1
1
1
1
1
1
1
1
1
1
1
1
1
1
1
1
1
1
1
1
1
1
1
1
1
1
1
1
1
1
1
1
1
1
1
1
1
1
1
1
1
1
1
1
1
1
1
1
1
1
1
1
1
1
1
0
0
0
0
0
0
1
1
1
0
0
0
0
0
0
1
1
1
1
1
1
1
1
1
1
1
1
1
1
1
1
1
1
1
1
1
1
1
1
1
1
1
1
1
1
1
1
1
1
1
1
1
1
1
1
1
1
1
1
1
1
1
1
1
1
1
1
1
1
1
1
1
1
1
1
1
1
1
1
1
1
1
1
1
1
1
1
1
1
1
1
1
1
1
1
1
1
1
1
1
1
1
1
1
1
1
1
1
1
1
1
1
1
1
1
1
1
1
1
1
1
1
1
1
1
1
1
1
1
1
1
1
1
1
0
1
0
0
0
0
0
1
1
0
1
0
0
0
0
0
1
1
1
1
1
1
1
1
1
1
1
1
1
1
1
1
1
1
1
1
1
1
1
1
1
1
1
1
1
1
1
1
1
1
1
1
1
1
1
1
1
1
1
1
1
1
1
1
1
1
1
1
1
1
1
1
1
1
1
1
1
1
1
1
1
1
1
1
1
1
1
1
1
1
1
1
1
1
1
1
1
1
1
1
1
1
1
1
1
1
1
1
1
1
1
1
1
1
1
1
1
1
1
1
1
1
1
1
1
1
1
1
1
1
1
1
1
0
0
0
0
0
0
1
1
1
0
0
0
0
0
0
1
1
1
1
1
1
1
1
1
1
1
1
1
1
1
1
1
1
1
1
1
1
1
1
1
1
1
1
1
1
1
1
1
1
1
1
1
1
1
1
1
1
1
1
1
1
1
1
1
1
1
1
1
1
1
1
1
1
1
1
1
1
1
1
1
1
1
1
1
1
1
1
1
1
1
1
1
1
1
1
1
1
1
1
1
1
1
1
1
1
1
1
1
1
1
1
1
1
1
1
1
1
1
1
1
1
1
1
1
1
1
1
1
0
1
0
0
0
0
0
1
1
0
1
0
0
0
0
0
1
1
1
1
1
1
1
1
1
1
1
1
1
1
1
1
1
1
1
1
1
1
1
1
1
1
1
1
1
1
1
1
1
1
1
1
1
1
1
1
1
1
1
1
1
1
1
1
1
1
1
1
1
1
1
1
1
1
1
1
1
1
1
1
1
1
1
1
1
1
1
1
1
1
1
1
1
1
1
1
1
1
1
1
1
1
1
1
1
1
1
1
1
1
1
1
1
1
1
1
1
1
1
1
1
1
1
1
1
1
1
0
0
0
0
0
0
1
1
1
0
0
0
0
0
0
1
1
1
1
1
1
1
1
1
1
1
1
1
1
1
1
1
1
1
1
1
1
1
1
1
1
1
1
1
1
1
1
1
1
1
1
1
1
1
1
1
1
1
1
1
1
1
1
1
1
1
1
1
1
1
1
1
1
1
1
1
1
1
1
1
1
1
1
1
1
1
1
1
1
1
1
1
1
1
1
1
1
1
1
1
1
1
1
1
1
1
1
1
1
1
1
1
1
1
1
1
1
0
0
1
0
1
1
0
0
0
0
0
0
0
0
1
0
1
1
0
0
0
0
0
0
0
1
1
1
1
1
1
1
1
1
1
1
1
1
1
1
1
1
1
1
1
1
1
1
1
1
1
1
1
1
1
1
1
1
1
1
1
1
1
1
1
1
1
1
1
1
1
1
1
1
1
1
1
1
1
1
1
1
1
1
1
1
1
1
1
1
1
1
1
1
1
1
1
1
1
1
1
1
1
1
1
1
1
1
1
1
1
1
1
1
1
1
1
1
1
1
1
1
1
1
1
1
0
1
0
0
0
0
0
1
1
0
1
0
0
0
0
0
1
1
1
1
1
1
1
1
1
1
1
1
1
1
1
1
1
1
1
1
1
1
1
1
1
1
1
1
1
1
1
1
1
1
1
1
1
1
1
1
1
1
1
1
1
1
1
1
1
1
1
1
1
1
1
1
1
1
1
1
1
1
1
1
1
1
1
1
1
1
1
1
1
1
1
1
1
1
1
1
1
1
1
1
1
1
1
1
1
1
1
1
1
1
1
0
1
0
1
0
0
0
0
0
0
0
1
0
1
0
1
0
0
0
0
0
0
0
1
1
1
1
1
1
1
1
1
1
1
1
1
1
1
1
1
1
1
1
1
1
1
1
1
1
1
1
1
1
1
1
1
1
1
1
1
1
1
1
1
1
1
1
1
1
1
1
1
1
1
1
1
1
1
1
1
1
1
1
1
1
1
1
1
1
1
1
1
1
1
1
1
1
1
1
1
1
1
1
1
1
1
1
1
1
1
1
1
0
1
0
1
0
0
0
0
0
0
0
1
0
1
0
1
0
0
0
0
0
0
0
1
1
1
1
1
1
1
1
1
1
1
1
1
1
1
1
1
1
1
1
1
1
1
1
1
1
1
1
1
1
1
1
1
1
1
1
1
1
1
1
1
1
1
1
1
1
1
1
1
1
1
1
1
1
1
1
1
1
1
1
1
1
1
1
1
1
1
1
1
1
1
1
1
1
1
1
1
1
1
1
1
0
0
0
1
1
0
0
0
0
0
0
0
0
0
1
0
0
0
1
1
0
0
0
0
0
0
0
0
0
1
1
1
1
1
1
1
1
1
1
1
1
1
1
1
1
1
1
1
1
1
1
1
1
1
1
1
1
1
1
1
1
1
1
1
1
1
1
1
1
1
1
1
1
1
1
1
1
1
1
1
1
1
1
1
1
1
1
1
1
1
1
1
1
1
1
1
1
1
1
1
1
0
0
1
0
1
1
0
0
0
0
0
0
0
0
0
0
0
1
0
1
1
0
0
0
0
0
0
0
0
0
0
1
1
1
1
1
1
1
1
1
1
1
1
1
1
1
1
1
1
1
1
1
1
1
1
1
1
1
1
1
1
1
1
1
1
1
1
1
1
1
1
1
1
1
1
1
1
1
1
1
1
1
1
1
1
1
1
1
1
1
1
1
1
1
0
0
0
1
1
0
0
0
0
0
0
0
0
0
0
0
0
1
0
0
0
1
1
0
0
0
0
0
0
0
0
0
0
0
0
1
1
1
1
1
1
1
1
1
1
1
1
1
1
1
1
1
1
1
1
1
1
1
1
1
1
1
1
1
1
1
1
1
1
1
1
1
1
1
1
1
1
1
1
1
1
1
1
1
1
1
0
0
0
1
1
0
0
0
0
0
0
0
0
0
0
0
0
0
0
0
1
0
0
0
1
1
0
0
0
0
0
0
0
0
0
0
0
0
0
0
0
1
1
1
1
1
1
1
1
1
1
1
1
1
1
1
1
1
1
1
1
1
1
1
1
1
1
1
1
1
1
1
1
0
0
1
0
0
0
0
1
1
0
0
0
0
0
0
0
0
0
0
0
0
0
0
0
0
0
0
0
0
0
0
0
0
0
0
1
0
0
0
0
1
1
0
0
0
0
0
0
0
0
0
0
0
0
0
0
0
0
0
0
0
0
0
0
0
0
0
1
0
0
0
0
0
0
0
0
0
0
0
0
0
0
0
0
0
1
0
0
0
0
0
0
0
0
0
0
0
0
0
0
1
1
1
0
1
0
0
1
)
;
}
)

// ************************************************************************* //
