/*--------------------------------*- C++ -*----------------------------------*\
| =========                 |                                                 |
| \\      /  F ield         | OpenFOAM: The Open Source CFD Toolbox           |
|  \\    /   O peration     | Version:  2412                                  |
|   \\  /    A nd           | Website:  www.openfoam.com                      |
|    \\/     M anipulation  |                                                 |
\*---------------------------------------------------------------------------*/
FoamFile
{
    version     2.0;
    format      ascii;
    arch        "LSB;label=32;scalar=64";
    class       regIOobject;
    location    "constant/polyMesh";
    object      faceZones;
    meta
    {
        names           1 ( faceMRFzone );
    }
}
// * * * * * * * * * * * * * * * * * * * * * * * * * * * * * * * * * * * * * //

1
(faceMRFzone
{
    type            faceZone;
    faceLabels      List<label> 
6674
(
10748
10753
10758
10764
12767
12768
12770
12774
12780
12806
12811
12816
12822
12825
12829
12962
12968
12974
12980
12986
12992
12998
13004
13010
13016
14904
14905
14907
14911
14982
14988
14991
15107
15113
15120
15126
15132
15138
15144
15150
15156
15162
15168
15174
15180
15186
15191
15197
17080
17081
17083
17178
17184
17187
17291
17298
17304
17310
17316
17322
17328
17334
17340
17346
17352
17358
17364
17370
17376
17382
17388
17394
17400
17405
19362
19364
19479
19484
19487
19585
19592
19598
19604
19610
19616
19622
19628
19634
19640
19646
19652
19658
19664
19670
19676
19682
19688
19694
19700
19706
19712
19718
19723
21755
21756
21758
21889
21892
21984
21991
21997
22003
22009
22015
22021
22027
22033
22039
22045
22051
22057
22063
22069
22075
22081
22087
22093
22099
22105
22111
22117
22123
22129
22134
24242
24244
24387
24389
24479
24485
24491
24497
24503
24509
24515
24521
24527
24533
24539
24545
24551
24557
24563
24569
24575
24581
24587
24593
24599
24605
24611
24617
24623
24629
24635
24641
24646
26751
26753
26906
26908
26995
27001
27007
27013
27019
27025
27031
27037
27043
27049
27055
27061
27067
27073
27079
27085
27091
27097
27103
27109
27115
27121
27127
27133
27139
27145
27151
27157
27163
27169
27174
29352
29517
29519
29605
29611
29617
29623
29629
29635
29641
29647
29653
29659
29665
29671
29677
29683
29689
29695
29701
29707
29713
29719
29725
29731
29737
29743
29749
29755
29761
29767
29773
29779
29785
29791
29796
31975
31977
32148
32151
32232
32238
32244
32250
32256
32262
32268
32274
32280
32286
32292
32298
32304
32310
32316
32322
32328
32334
32340
32346
32352
32358
32364
32370
32376
32382
32388
32394
32400
32406
32412
32418
32424
32430
34689
34691
34871
34943
34950
34956
34962
34968
34974
34980
34986
34992
34998
35004
35010
35016
35022
35028
35034
35040
35046
35052
35058
35064
35070
35076
35082
35088
35094
35100
35106
35112
35118
35124
35130
35136
35142
35148
35153
37407
37592
37594
37677
37683
37689
37695
37701
37707
37713
37719
37725
37731
37737
37743
37749
37755
37761
37767
37773
37779
37785
37791
37797
37803
37809
37815
37821
37827
37833
37839
37845
37851
37857
37863
37869
37875
37881
37887
37892
40223
40225
40416
40488
40494
40500
40506
40512
40518
40524
40530
40536
40542
40548
40554
40560
40566
40572
40578
40584
40590
40596
40602
40608
40614
40620
40626
40632
40638
40644
40650
40656
40662
40668
40674
40680
40686
40692
40698
40704
40710
43038
43233
43235
43313
43319
43325
43331
43337
43343
43349
43355
43361
43367
43373
43379
43385
43391
43397
43403
43409
43415
43421
43427
43433
43439
43445
43451
43457
43463
43469
43475
43481
43487
43493
43499
43505
43511
43517
43523
43529
43535
43540
45872
45874
46076
46148
46154
46160
46166
46172
46178
46184
46190
46196
46202
46208
46214
46220
46226
46232
46238
46244
46250
46256
46262
46268
46274
46280
46286
46292
46298
46304
46310
46316
46322
46328
46334
46340
46346
46352
46358
46364
46370
46376
46382
48790
48992
48995
49068
49074
49080
49086
49092
49098
49104
49110
49116
49122
49128
49134
49140
49146
49152
49158
49164
49170
49176
49182
49188
49194
49200
49206
49212
49218
49224
49230
49236
49242
49248
49254
49260
49266
49272
49278
49284
49290
49296
49302
51708
51915
51994
52000
52006
52012
52018
52024
52030
52036
52042
52048
52054
52060
52066
52072
52078
52084
52090
52096
52102
52108
52114
52120
52126
52132
52138
52144
52150
52156
52162
52168
52174
52180
52186
52192
52198
52204
52210
52216
52222
52228
52233
54631
54633
54846
54909
54915
54921
54927
54933
54939
54945
54951
54957
54963
54969
54975
54981
54987
54993
54999
55005
55011
55017
55023
55029
55035
55041
55047
55053
55059
55065
55071
55077
55083
55089
55095
55101
55107
55113
55119
55125
55131
55137
55143
55149
55155
57554
57769
57833
57839
57845
57851
57857
57863
57869
57875
57881
57887
57893
57899
57905
57911
57917
57923
57929
57935
57941
57947
57953
57959
57965
57971
57977
57983
57989
57995
58001
58007
58013
58019
58025
58031
58037
58043
58049
58055
58061
58067
58073
58079
60478
60696
60763
60769
60775
60781
60787
60793
60799
60805
60811
60817
60823
60829
60835
60841
60847
60853
60859
60865
60871
60877
60883
60889
60895
60901
60907
60913
60919
60925
60931
60937
60943
60949
60955
60961
60967
60973
60979
60985
60991
60997
61003
61009
63396
63621
63623
63692
63698
63704
63710
63716
63722
63728
63734
63740
63746
63752
63758
63764
63770
63776
63782
63788
63794
63800
63806
63812
63818
63824
63830
63836
63842
63848
63854
63860
63866
63872
63878
63884
63890
63896
63902
63908
63914
63920
63926
63932
63938
63943
66327
66555
66625
66631
66637
66643
66649
66655
66661
66667
66673
66679
66685
66691
66697
66703
66709
66715
66721
66727
66733
66739
66745
66751
66757
66763
66769
66775
66781
66787
66793
66799
66805
66811
66817
66823
66829
66835
66841
66847
66853
66859
66865
66871
66876
69256
69484
69554
69560
69566
69572
69578
69584
69590
69596
69602
69608
69614
69620
69626
69632
69638
69644
69650
69656
69662
69668
69674
69680
69686
69692
69698
69704
69710
69716
69722
69728
69734
69740
69746
69752
69758
69764
69770
69776
69782
69788
69794
69800
69805
72180
72414
72484
72490
72496
72502
72508
72514
72520
72526
72532
72538
72544
72550
72556
72562
72568
72574
72580
72586
72592
72598
72604
72610
72616
72622
72628
72634
72640
72646
72652
72658
72664
72670
72676
72682
72688
72694
72700
72706
72712
72718
72724
72730
72735
75114
75341
75342
75410
75416
75422
75428
75434
75440
75446
75452
75458
75464
75470
75476
75482
75488
75494
75500
75506
75512
75518
75524
75530
75536
75542
75548
75554
75560
75566
75572
75578
75584
75590
75596
75602
75608
75614
75620
75626
75632
75638
75644
75650
75656
78029
78259
78323
78329
78335
78341
78347
78353
78359
78365
78371
78377
78383
78389
78395
78401
78407
78413
78419
78425
78431
78437
78443
78449
78455
78461
78467
78473
78479
78485
78491
78497
78503
78509
78515
78521
78527
78533
78539
78545
78551
78557
78563
78569
80939
81170
81234
81240
81246
81252
81258
81264
81270
81276
81282
81288
81294
81300
81306
81312
81318
81324
81330
81336
81342
81348
81354
81360
81366
81372
81378
81384
81390
81396
81402
81408
81414
81420
81426
81432
81438
81444
81450
81456
81462
81468
81474
81480
83846
83849
84073
84153
84159
84165
84171
84177
84183
84189
84195
84201
84207
84213
84219
84225
84231
84237
84243
84249
84255
84261
84267
84273
84279
84285
84291
84297
84303
84309
84315
84321
84327
84333
84339
84345
84351
84357
84363
84369
84375
84381
84387
84393
86757
86983
86985
87059
87065
87071
87077
87083
87089
87095
87101
87107
87113
87119
87125
87131
87137
87143
87149
87155
87161
87167
87173
87179
87185
87191
87197
87203
87209
87215
87221
87227
87233
87239
87245
87251
87257
87263
87269
87275
87281
87287
87293
87299
89662
89882
89954
89960
89966
89972
89978
89984
89990
89996
90002
90008
90014
90020
90026
90032
90038
90044
90050
90056
90062
90068
90074
90080
90086
90092
90098
90104
90110
90116
90122
90128
90134
90140
90146
90152
90158
90164
90170
90176
90182
90188
92517
92520
92735
92815
92821
92827
92833
92839
92845
92851
92857
92863
92869
92875
92881
92887
92893
92899
92905
92911
92917
92923
92929
92935
92941
92947
92953
92959
92965
92971
92977
92983
92989
92995
93001
93007
93013
93019
93025
93031
93037
93043
95328
95536
95538
95612
95618
95624
95630
95636
95642
95648
95654
95660
95666
95672
95678
95684
95690
95696
95702
95708
95714
95720
95726
95732
95738
95744
95750
95756
95762
95768
95774
95780
95786
95792
95798
95804
95810
95816
95822
95828
95834
98109
98112
98318
98402
98408
98414
98420
98426
98432
98438
98444
98450
98456
98462
98468
98474
98480
98486
98492
98498
98504
98510
98516
98522
98528
98534
98540
98546
98552
98558
98564
98570
98576
98582
98588
98594
98600
98606
98612
98618
100869
101068
101070
101144
101150
101156
101162
101168
101174
101180
101186
101192
101198
101204
101210
101216
101222
101228
101234
101240
101246
101252
101258
101264
101270
101276
101282
101288
101294
101300
101306
101312
101318
101324
101330
101336
101342
101348
101354
103545
103547
103745
103747
103829
103835
103841
103847
103853
103859
103865
103871
103877
103883
103889
103895
103901
103907
103913
103919
103925
103931
103937
103943
103949
103955
103961
103967
103973
103979
103985
103991
103997
104003
104009
104015
104021
104027
104033
106198
106201
106387
106477
106483
106489
106495
106501
106507
106513
106519
106525
106531
106537
106543
106549
106555
106561
106567
106573
106579
106585
106591
106597
106603
106609
106615
106621
106627
106633
106639
106645
106651
106657
106663
106669
108783
108786
108963
108965
109043
109049
109055
109061
109067
109073
109079
109085
109091
109097
109103
109109
109115
109121
109127
109133
109139
109145
109151
109157
109163
109169
109175
109181
109187
109193
109199
109205
109211
109217
109223
109229
111315
111318
111484
111486
111570
111576
111582
111588
111594
111600
111606
111612
111618
111624
111630
111636
111642
111648
111654
111660
111666
111672
111678
111684
111690
111696
111702
111708
111714
111720
111726
111732
111738
111744
113778
113781
113936
113937
113939
114027
114033
114039
114045
114051
114057
114063
114069
114075
114081
114087
114093
114099
114105
114111
114117
114123
114129
114135
114141
114147
114153
114159
114165
114171
114177
114183
114189
116188
116191
116337
116339
116441
116447
116453
116459
116465
116471
116477
116483
116489
116495
116501
116507
116513
116519
116525
116531
116537
116543
116549
116555
116561
116567
116573
116579
116585
118502
118510
118513
118639
118640
118642
118743
118749
118755
118761
118767
118773
118779
118785
118791
118797
118803
118809
118815
118821
118827
118833
118839
118845
118851
118857
118863
118869
120718
120726
120729
120831
120832
120834
120951
120957
120963
120969
120975
120981
120987
120993
120999
121005
121011
121017
121023
121029
121035
121041
121047
121053
122853
122859
122862
122870
122936
122940
122942
122943
123078
123084
123090
123096
123102
123108
123114
123120
123126
123132
123138
123144
123150
124924
124930
124936
124944
124947
124953
124959
124965
124966
124968
124972
124978
125142
125148
125154
125160
136254
136257
136265
136268
136276
136277
136280
136345
136347
136350
136363
136365
136368
136380
136381
136383
136385
136386
136389
136392
136394
136405
136408
136410
136413
136415
136426
136429
136431
136434
136436
136447
136450
136452
136455
136457
136464
136468
136469
136471
136483
136485
136488
136501
136503
136506
136519
136521
136524
136559
136562
136566
136570
136572
136577
136578
136579
136620
136622
136625
136628
136633
136637
136642
136643
136647
136649
136651
136652
136653
136661
136664
136672
136679
136682
136690
136697
136700
136708
136715
136718
136726
136733
136736
136744
136751
136754
136762
136769
136772
136780
136787
136790
136798
136805
136808
136816
136823
136826
136833
136834
136841
136844
136847
136849
136850
136859
136862
136868
136874
136878
136879
136881
136883
136896
136898
136901
137146
137147
137149
137151
137152
137153
137198
137199
137201
137203
137204
137207
137209
137210
137211
137219
137222
137230
137237
137240
137248
137255
137258
137266
137273
137276
137284
137291
137294
137302
137309
137312
137320
137327
137330
137338
137345
137348
137356
137363
137366
137374
137381
137384
137392
137399
137402
137410
137417
137420
137428
137435
137438
137446
137453
137456
137464
137471
137474
137482
137489
137492
137499
137500
137507
137510
137513
137515
137516
137522
137525
137527
137528
137541
137543
137546
137853
137855
137857
137859
137860
137861
137891
137892
137894
137897
137898
137901
137903
137904
137905
137913
137916
137924
137931
137934
137943
137950
137953
137961
137968
137971
137979
137986
137989
137997
138004
138007
138015
138022
138025
138033
138040
138043
138051
138058
138061
138069
138076
138079
138087
138094
138097
138105
138112
138115
138123
138130
138133
138141
138148
138151
138159
138166
138169
138177
138184
138187
138195
138202
138205
138213
138220
138223
138231
138238
138241
138249
138256
138259
138266
138267
138274
138277
138280
138282
138283
138289
138292
138294
138295
138307
138310
138312
138668
138669
138672
138674
138705
138710
138711
138714
138719
138720
138724
138731
138738
138741
138750
138758
138761
138769
138776
138779
138787
138794
138797
138805
138812
138815
138823
138830
138833
138841
138848
138851
138859
138866
138869
138877
138884
138887
138895
138902
138905
138913
138920
138923
138931
138938
138941
138949
138956
138959
138967
138974
138977
138985
138992
138995
139003
139010
139013
139021
139028
139031
139039
139046
139049
139057
139064
139067
139075
139082
139085
139093
139100
139103
139111
139118
139121
139129
139136
139139
139146
139147
139154
139157
139163
139169
139173
139174
139176
139178
139569
139571
139573
139574
139575
139602
139603
139607
139608
139611
139613
139614
139615
139623
139626
139634
139641
139644
139652
139659
139662
139670
139677
139680
139688
139695
139698
139706
139713
139716
139724
139731
139734
139742
139749
139752
139760
139767
139770
139778
139785
139788
139796
139803
139806
139814
139821
139824
139832
139839
139842
139850
139857
139860
139868
139875
139878
139886
139893
139896
139904
139911
139914
139922
139929
139932
139940
139947
139950
139958
139965
139968
139976
139983
139986
139994
140001
140004
140012
140019
140022
140030
140037
140040
140048
140055
140058
140066
140073
140076
140083
140084
140091
140094
140097
140099
140100
140106
140109
140111
140112
140125
140566
140568
140569
140570
140590
140591
140595
140596
140600
140601
140604
140611
140614
140623
140632
140635
140643
140650
140653
140661
140668
140671
140679
140686
140689
140697
140704
140707
140715
140722
140725
140733
140740
140743
140751
140758
140761
140769
140776
140779
140787
140794
140797
140805
140812
140815
140823
140830
140833
140841
140848
140851
140859
140866
140869
140877
140884
140887
140895
140902
140905
140913
140920
140923
140931
140938
140941
140949
140956
140959
140967
140974
140977
140985
140992
140995
141003
141010
141013
141021
141028
141031
141039
141046
141049
141057
141064
141067
141075
141082
141085
141093
141100
141103
141111
141118
141121
141124
141125
141127
141133
141136
141138
141139
141152
141623
141625
141626
141627
141647
141648
141652
141653
141657
141658
141661
141668
141671
141680
141689
141692
141700
141707
141710
141718
141725
141728
141736
141743
141746
141754
141761
141764
141772
141779
141782
141790
141797
141800
141808
141815
141818
141826
141833
141836
141844
141851
141854
141862
141869
141872
141880
141887
141890
141898
141905
141908
141916
141923
141926
141934
141941
141944
141952
141959
141962
141970
141977
141980
141988
141995
141998
142006
142013
142016
142024
142031
142034
142042
142049
142052
142060
142067
142070
142078
142085
142088
142096
142103
142106
142114
142121
142124
142132
142139
142142
142150
142157
142160
142168
142175
142178
142186
142193
142196
142204
142211
142214
142217
142218
142220
142226
142229
142231
142232
142245
142749
142754
142756
142780
142784
142785
142790
142792
142794
142803
142812
142815
142823
142830
142833
142841
142848
142851
142859
142866
142869
142877
142884
142887
142895
142902
142905
142913
142920
142923
142931
142938
142941
142949
142956
142959
142967
142974
142977
142985
142992
142995
143003
143010
143013
143021
143028
143031
143039
143046
143049
143057
143064
143067
143075
143082
143085
143093
143100
143103
143111
143118
143121
143129
143136
143139
143147
143154
143157
143165
143172
143175
143183
143190
143193
143201
143208
143211
143219
143226
143229
143237
143244
143247
143255
143262
143265
143273
143280
143283
143291
143298
143301
143309
143316
143319
143327
143334
143337
143345
143352
143355
143363
143370
143373
143377
143382
143386
143387
143388
143392
143921
143922
143924
143926
143943
143947
143948
143950
143956
143957
143962
143969
143976
143979
143988
143996
143999
144007
144014
144017
144025
144032
144035
144043
144050
144053
144061
144068
144071
144079
144086
144089
144097
144104
144107
144115
144122
144125
144133
144140
144143
144151
144158
144161
144169
144176
144179
144187
144194
144197
144205
144212
144215
144223
144230
144233
144241
144248
144251
144259
144266
144269
144277
144284
144287
144295
144302
144305
144313
144320
144323
144331
144338
144341
144349
144356
144359
144367
144374
144377
144385
144392
144395
144403
144410
144413
144421
144428
144431
144439
144446
144449
144457
144464
144467
144475
144482
144485
144493
144500
144503
144511
144518
144521
144529
144536
144539
144547
144554
144557
144564
144565
144572
144575
144580
144584
144587
144589
144591
144592
145112
145118
145120
145139
145145
145146
145150
145151
145159
145166
145169
145178
145187
145190
145198
145205
145208
145216
145223
145226
145234
145241
145244
145252
145259
145262
145270
145277
145280
145288
145295
145298
145306
145313
145316
145324
145331
145334
145342
145349
145352
145360
145367
145370
145378
145385
145388
145396
145403
145406
145414
145421
145424
145432
145439
145442
145450
145457
145460
145468
145475
145478
145486
145493
145496
145504
145511
145514
145522
145529
145532
145540
145547
145550
145558
145565
145568
145576
145583
145586
145594
145601
145604
145612
145619
145622
145630
145637
145640
145648
145655
145658
145666
145673
145676
145684
145691
145694
145702
145709
145712
145720
145727
145730
145738
145745
145748
145756
145763
145766
145774
145781
145784
145791
145792
145796
145799
145801
145802
145818
146382
146387
146389
146414
146418
146419
146424
146426
146428
146437
146446
146449
146457
146465
146468
146476
146483
146486
146494
146501
146504
146512
146519
146522
146530
146537
146540
146548
146555
146558
146566
146573
146576
146584
146591
146594
146602
146609
146612
146620
146627
146630
146638
146645
146648
146656
146663
146666
146674
146681
146684
146692
146699
146702
146710
146717
146720
146728
146735
146738
146746
146753
146756
146764
146771
146774
146782
146789
146792
146800
146807
146810
146818
146825
146828
146836
146843
146846
146854
146861
146864
146872
146879
146882
146890
146897
146900
146908
146915
146918
146926
146933
146936
146944
146951
146954
146962
146969
146972
146980
146987
146990
146998
147005
147008
147016
147023
147026
147034
147041
147044
147052
147059
147062
147070
147077
147080
147084
147089
147093
147094
147095
147099
147688
147693
147695
147715
147720
147721
147725
147726
147734
147741
147744
147753
147762
147765
147773
147780
147783
147791
147798
147801
147809
147816
147819
147827
147834
147837
147845
147852
147855
147863
147870
147873
147881
147888
147891
147899
147906
147909
147917
147924
147927
147935
147942
147945
147953
147960
147963
147971
147978
147981
147989
147996
147999
148007
148014
148017
148025
148032
148035
148043
148050
148053
148061
148068
148071
148079
148086
148089
148097
148104
148107
148115
148122
148125
148133
148140
148143
148151
148158
148161
148169
148176
148179
148187
148194
148197
148205
148212
148215
148223
148230
148233
148241
148248
148251
148259
148266
148269
148277
148284
148287
148295
148302
148305
148313
148320
148323
148331
148338
148341
148349
148356
148359
148367
148374
148377
148385
148392
148395
148402
148403
148407
148410
148412
148413
148426
149014
149019
149021
149047
149051
149052
149057
149059
149061
149070
149079
149082
149091
149099
149102
149110
149117
149120
149128
149135
149138
149146
149153
149156
149164
149171
149174
149182
149189
149192
149200
149207
149210
149218
149225
149228
149236
149243
149246
149254
149261
149264
149272
149279
149282
149290
149297
149300
149308
149315
149318
149326
149333
149336
149344
149351
149354
149362
149369
149372
149380
149387
149390
149398
149405
149408
149416
149423
149426
149434
149441
149444
149452
149459
149462
149470
149477
149480
149488
149495
149498
149506
149513
149516
149524
149531
149534
149542
149549
149552
149560
149567
149570
149578
149585
149588
149596
149603
149606
149614
149621
149624
149632
149639
149642
149650
149657
149660
149668
149675
149678
149686
149693
149696
149704
149711
149714
149722
149729
149732
149740
149747
149750
149754
149759
149763
149764
149765
149769
150388
150393
150416
150421
150426
150435
150442
150445
150454
150463
150466
150474
150482
150485
150493
150500
150503
150511
150518
150521
150529
150536
150539
150547
150554
150557
150565
150572
150575
150583
150590
150593
150601
150608
150611
150619
150626
150629
150637
150644
150647
150655
150662
150665
150673
150680
150683
150691
150698
150701
150709
150716
150719
150727
150734
150737
150745
150752
150755
150763
150770
150773
150781
150788
150791
150799
150806
150809
150817
150824
150827
150835
150842
150845
150853
150860
150863
150871
150878
150881
150889
150896
150899
150907
150914
150917
150925
150932
150935
150943
150950
150953
150961
150968
150971
150979
150986
150989
150997
151004
151007
151015
151022
151025
151033
151040
151043
151051
151058
151061
151069
151076
151079
151087
151094
151097
151105
151112
151115
151123
151130
151133
151140
151141
151145
151148
151150
151151
151774
151775
151777
151801
151805
151806
151808
151814
151820
151827
151834
151837
151846
151855
151858
151866
151874
151877
151885
151892
151895
151903
151910
151913
151921
151928
151931
151939
151946
151949
151957
151964
151967
151975
151982
151985
151993
152000
152003
152011
152018
152021
152029
152036
152039
152047
152054
152057
152065
152072
152075
152083
152090
152093
152101
152108
152111
152119
152126
152129
152137
152144
152147
152155
152162
152165
152173
152180
152183
152191
152198
152201
152209
152216
152219
152227
152234
152237
152245
152252
152255
152263
152270
152273
152281
152288
152291
152299
152306
152309
152317
152324
152327
152335
152342
152345
152353
152360
152363
152371
152378
152381
152389
152396
152399
152407
152414
152417
152425
152432
152435
152443
152450
152453
152461
152468
152471
152479
152486
152489
152497
152504
152507
152515
152522
152525
152532
152533
152540
152543
152548
152552
152557
152559
153179
153184
153186
153222
153226
153227
153232
153234
153236
153245
153254
153257
153266
153275
153278
153286
153294
153297
153305
153312
153315
153323
153330
153333
153341
153348
153351
153359
153366
153369
153377
153384
153387
153395
153402
153405
153413
153420
153423
153431
153438
153441
153449
153456
153459
153467
153474
153477
153485
153492
153495
153503
153510
153513
153521
153528
153531
153539
153546
153549
153557
153564
153567
153575
153582
153585
153593
153600
153603
153611
153618
153621
153629
153636
153639
153647
153654
153657
153665
153672
153675
153683
153690
153693
153701
153708
153711
153719
153726
153729
153737
153744
153747
153755
153762
153765
153773
153780
153783
153791
153798
153801
153809
153816
153819
153827
153834
153837
153845
153852
153855
153863
153870
153873
153881
153888
153891
153899
153906
153909
153917
153924
153927
153935
153942
153945
153953
153960
153963
153967
153972
153976
153977
153978
153982
154634
154639
154659
154664
154669
154678
154685
154688
154697
154706
154709
154718
154727
154730
154738
154747
154750
154758
154765
154768
154776
154783
154786
154794
154801
154804
154812
154819
154822
154830
154837
154840
154848
154855
154858
154866
154873
154876
154884
154891
154894
154902
154909
154912
154920
154927
154930
154938
154945
154948
154956
154963
154966
154974
154981
154984
154992
154999
155002
155010
155017
155020
155028
155035
155038
155046
155053
155056
155064
155071
155074
155082
155089
155092
155100
155107
155110
155118
155125
155128
155136
155143
155146
155154
155161
155164
155172
155179
155182
155190
155197
155200
155208
155215
155218
155226
155233
155236
155244
155251
155254
155262
155269
155272
155280
155287
155290
155298
155305
155308
155316
155323
155326
155334
155341
155344
155352
155359
155362
155370
155377
155380
155388
155395
155398
155406
155413
155416
155423
155424
155428
155431
155433
155434
156087
156092
156111
156116
156121
156130
156137
156140
156149
156158
156161
156170
156179
156182
156191
156200
156203
156212
156221
156224
156232
156241
156244
156252
156261
156264
156272
156279
156282
156290
156297
156300
156308
156315
156318
156326
156333
156336
156344
156351
156354
156362
156369
156372
156380
156387
156390
156398
156405
156408
156416
156423
156426
156434
156441
156444
156452
156459
156462
156470
156477
156480
156488
156495
156498
156506
156513
156516
156524
156531
156534
156542
156549
156552
156560
156567
156570
156578
156585
156588
156596
156603
156606
156614
156621
156624
156632
156639
156642
156650
156657
156660
156668
156675
156678
156686
156693
156696
156704
156711
156714
156722
156729
156732
156740
156747
156750
156758
156765
156768
156776
156783
156786
156794
156801
156804
156812
156819
156822
156830
156837
156840
156848
156855
156858
156866
156873
156876
156883
156884
156888
156891
156893
156894
157547
157552
157554
157573
157578
157579
157583
157584
157592
157599
157602
157611
157620
157623
157632
157641
157644
157653
157662
157665
157674
157683
157686
157695
157704
157707
157716
157725
157728
157737
157746
157749
157757
157766
157769
157777
157785
157788
157796
157803
157806
157814
157821
157824
157832
157839
157842
157850
157857
157860
157868
157875
157878
157886
157893
157896
157904
157911
157914
157922
157929
157932
157940
157947
157950
157958
157965
157968
157976
157983
157986
157994
158001
158004
158012
158019
158022
158030
158037
158040
158048
158055
158058
158066
158073
158076
158084
158091
158094
158102
158109
158112
158120
158127
158130
158138
158145
158148
158156
158163
158166
158174
158181
158184
158192
158199
158202
158210
158217
158220
158228
158235
158238
158246
158253
158256
158264
158271
158274
158282
158289
158292
158300
158307
158310
158318
158325
158328
158336
158343
158346
158353
158354
158358
158361
158363
158364
158377
159014
159020
159042
159047
159048
159054
159060
159067
159074
159077
159086
159095
159098
159107
159116
159119
159128
159137
159140
159149
159158
159161
159170
159179
159182
159191
159200
159203
159212
159221
159224
159233
159242
159245
159254
159263
159266
159274
159283
159286
159294
159301
159304
159312
159319
159322
159330
159337
159340
159348
159355
159358
159366
159373
159376
159384
159391
159394
159402
159409
159412
159420
159427
159430
159438
159445
159448
159456
159463
159466
159474
159481
159484
159492
159499
159502
159510
159517
159520
159528
159535
159538
159546
159553
159556
159564
159571
159574
159582
159589
159592
159600
159607
159610
159618
159625
159628
159636
159643
159646
159654
159661
159664
159672
159679
159682
159690
159697
159700
159708
159715
159718
159726
159733
159736
159744
159751
159754
159762
159769
159772
159780
159787
159790
159798
159805
159808
159816
159823
159826
159834
159841
159844
159848
159853
159858
159860
160497
160503
160526
160531
160532
160538
160544
160551
160558
160561
160570
160579
160582
160591
160600
160603
160612
160621
160624
160633
160642
160645
160654
160663
160666
160675
160684
160687
160696
160705
160708
160717
160726
160729
160738
160747
160750
160759
160768
160771
160779
160787
160790
160798
160805
160808
160816
160823
160826
160834
160841
160844
160852
160859
160862
160870
160877
160880
160888
160895
160898
160906
160913
160916
160924
160931
160934
160942
160949
160952
160960
160967
160970
160978
160985
160988
160996
161003
161006
161014
161021
161024
161032
161039
161042
161050
161057
161060
161068
161075
161078
161086
161093
161096
161104
161111
161114
161122
161129
161132
161140
161147
161150
161158
161165
161168
161176
161183
161186
161194
161201
161204
161212
161219
161222
161230
161237
161240
161248
161255
161258
161266
161273
161276
161284
161291
161294
161302
161309
161312
161320
161327
161330
161334
161339
161344
161346
161983
161989
162015
162020
162021
162027
162033
162040
162047
162050
162059
162068
162071
162080
162089
162092
162101
162110
162113
162122
162131
162134
162143
162152
162155
162164
162173
162176
162185
162194
162197
162206
162215
162218
162227
162236
162239
162248
162257
162260
162269
162278
162281
162289
162298
162301
162309
162316
162319
162327
162334
162337
162345
162352
162355
162363
162372
162375
162383
162391
162394
162402
162409
162412
162420
162427
162430
162438
162445
162448
162456
162463
162466
162474
162481
162484
162492
162499
162502
162510
162517
162520
162528
162535
162538
162546
162553
162556
162564
162571
162574
162582
162589
162592
162600
162607
162610
162618
162625
162628
162636
162643
162646
162654
162661
162664
162672
162679
162682
162690
162697
162700
162708
162715
162718
162726
162733
162736
162744
162751
162754
162762
162769
162772
162780
162787
162790
162798
162805
162808
162816
162823
162826
162830
162835
162840
162842
163479
163485
163491
163511
163516
163517
163522
163523
163528
163529
163536
163543
163546
163555
163564
163567
163576
163585
163588
163597
163606
163609
163618
163627
163630
163639
163648
163651
163660
163669
163672
163681
163690
163693
163702
163711
163714
163723
163732
163735
163744
163753
163756
163765
163774
163777
163786
163795
163798
163807
163816
163819
163828
163837
163840
163849
163858
163861
163870
163879
163882
163891
163900
163903
163911
163918
163921
163929
163936
163939
163947
163954
163957
163965
163972
163975
163983
163990
163993
164001
164008
164011
164019
164026
164029
164037
164044
164047
164055
164062
164065
164073
164080
164083
164091
164098
164101
164109
164116
164119
164127
164134
164137
164145
164152
164155
164163
164170
164173
164181
164188
164191
164199
164206
164209
164217
164224
164227
164235
164242
164245
164253
164260
164263
164271
164278
164281
164289
164296
164299
164307
164314
164317
164325
164332
164335
164339
164344
164349
164350
164351
164991
164996
165022
165027
165032
165041
165048
165051
165060
165069
165072
165081
165090
165093
165102
165111
165114
165123
165132
165135
165144
165153
165156
165165
165174
165177
165186
165195
165198
165207
165216
165219
165228
165237
165240
165249
165258
165261
165270
165279
165282
165291
165300
165303
165312
165321
165324
165333
165342
165345
165354
165363
165366
165375
165384
165387
165396
165405
165408
165416
165425
165428
165436
165443
165446
165454
165461
165464
165472
165479
165482
165490
165497
165500
165508
165515
165518
165526
165533
165536
165544
165551
165554
165562
165569
165572
165580
165587
165590
165598
165605
165608
165616
165623
165626
165634
165641
165644
165652
165659
165662
165670
165677
165680
165688
165695
165698
165706
165713
165716
165724
165731
165734
165742
165749
165752
165760
165767
165770
165778
165785
165788
165796
165803
165806
165814
165821
165824
165831
165832
165836
165839
165841
165842
166495
166500
166528
166533
166538
166547
166554
166557
166566
166575
166578
166587
166596
166599
166608
166617
166620
166629
166638
166641
166650
166659
166662
166671
166680
166683
166692
166701
166704
166713
166722
166725
166734
166743
166746
166755
166764
166767
166776
166785
166788
166797
166806
166809
166818
166827
166830
166839
166848
166851
166860
166869
166872
166881
166890
166893
166902
166911
166914
166923
166932
166935
166944
166953
166956
166964
166972
166975
166983
166990
166993
167001
167008
167011
167019
167026
167029
167037
167044
167047
167055
167062
167065
167073
167080
167083
167091
167098
167101
167109
167116
167119
167127
167134
167137
167145
167152
167155
167163
167170
167173
167181
167188
167191
167199
167206
167209
167217
167224
167227
167235
167242
167245
167253
167260
167263
167271
167278
167281
167289
167296
167299
167307
167314
167317
167325
167332
167335
167342
167343
167347
167350
167352
167353
168006
168011
168021
168025
168027
168042
168047
168052
168061
168068
168069
168071
168080
168089
168092
168101
168110
168113
168122
168131
168134
168143
168152
168155
168164
168173
168176
168185
168194
168197
168206
168215
168218
168227
168236
168239
168248
168257
168260
168269
168278
168281
168290
168299
168302
168311
168320
168323
168332
168341
168344
168353
168362
168365
168374
168382
168385
168394
168402
168405
168414
168423
168426
168435
168444
168447
168456
168465
168468
168476
168484
168487
168495
168502
168505
168513
168520
168523
168531
168538
168541
168549
168556
168559
168567
168574
168577
168585
168592
168595
168603
168610
168613
168621
168628
168631
168639
168646
168649
168657
168664
168667
168675
168682
168685
168693
168700
168703
168711
168718
168721
168729
168736
168739
168747
168754
168757
168765
168772
168775
168783
168790
168793
168801
168808
168811
168819
168826
168829
168837
168844
168847
168854
168855
168859
168860
168862
168864
168865
168866
169526
169531
169537
169542
169574
169578
169579
169584
169588
169597
169606
169609
169618
169627
169630
169639
169648
169651
169660
169669
169672
169681
169690
169693
169702
169711
169714
169723
169732
169735
169744
169753
169756
169765
169774
169777
169786
169795
169798
169807
169816
169819
169828
169837
169840
169849
169858
169861
169870
169879
169882
169890
169899
169902
169911
169920
169923
169932
169941
169944
169953
169962
169965
169974
169983
169986
169994
170001
170004
170012
170019
170022
170030
170037
170040
170048
170055
170058
170066
170073
170076
170084
170091
170094
170102
170109
170112
170120
170127
170130
170138
170145
170148
170156
170163
170166
170174
170181
170184
170192
170199
170202
170210
170217
170220
170228
170235
170238
170246
170253
170256
170264
170271
170274
170282
170289
170292
170300
170307
170310
170318
170325
170328
170336
170343
170346
170354
170361
170364
170368
170373
170378
170379
171023
171026
171033
171052
171055
171056
171067
171068
171071
171073
171078
171084
171093
171100
171103
171112
171121
171124
171133
171142
171145
171154
171163
171166
171175
171184
171187
171196
171205
171208
171217
171226
171229
171238
171247
171250
171259
171268
171271
171280
171289
171292
171301
171310
171313
171322
171331
171334
171343
171352
171355
171364
171373
171376
171385
171394
171397
171406
171415
171418
171427
171436
171439
171448
171457
171460
171469
171478
171481
171489
171496
171499
171507
171514
171517
171525
171532
171535
171543
171550
171553
171561
171568
171571
171579
171586
171589
171597
171604
171607
171615
171622
171625
171633
171640
171643
171651
171658
171661
171669
171676
171679
171687
171694
171697
171705
171712
171715
171723
171730
171733
171741
171748
171751
171759
171766
171769
171777
171784
171787
171795
171802
171805
171813
171820
171823
171831
171838
171841
171849
171853
171856
171858
171859
171863
171864
172485
172490
172500
172507
172512
172514
172529
172534
172539
172548
172555
172556
172558
172567
172576
172579
172588
172597
172600
172609
172618
172621
172630
172639
172642
172651
172660
172663
172672
172681
172684
172693
172702
172705
172714
172723
172726
172735
172744
172747
172756
172765
172768
172777
172786
172789
172798
172807
172810
172819
172828
172831
172840
172849
172852
172861
172870
172873
172882
172891
172894
172903
172912
172915
172924
172933
172936
172944
172951
172954
172962
172969
172972
172980
172987
172990
172998
173005
173008
173016
173023
173026
173034
173041
173044
173052
173059
173062
173070
173077
173080
173088
173095
173098
173106
173113
173116
173124
173131
173134
173142
173149
173152
173160
173167
173170
173178
173185
173188
173196
173203
173206
173214
173221
173224
173232
173239
173242
173250
173257
173260
173268
173275
173278
173286
173293
173296
173303
173304
173308
173309
173311
173313
173314
173315
173943
173948
173952
173954
173960
173962
173988
173992
173993
173997
173998
174002
174003
174011
174020
174023
174032
174041
174044
174053
174062
174065
174074
174083
174086
174095
174104
174107
174116
174125
174128
174137
174146
174149
174158
174167
174170
174179
174188
174191
174200
174209
174212
174221
174230
174233
174242
174251
174254
174263
174272
174275
174284
174293
174296
174305
174314
174317
174326
174335
174338
174347
174356
174359
174368
174377
174380
174388
174396
174399
174407
174414
174417
174425
174432
174435
174443
174450
174453
174461
174468
174471
174479
174486
174489
174497
174504
174507
174515
174522
174525
174533
174540
174543
174551
174558
174561
174569
174576
174579
174587
174594
174597
174605
174612
174615
174623
174630
174633
174641
174648
174651
174659
174666
174669
174677
174684
174687
174695
174702
174705
174713
174720
174723
174732
174740
174743
174747
174752
174757
174758
174759
175372
175377
175389
175396
175403
175405
175420
175425
175430
175439
175446
175447
175449
175458
175467
175470
175479
175488
175491
175500
175509
175512
175521
175530
175533
175542
175551
175554
175563
175572
175575
175584
175593
175596
175605
175614
175617
175626
175635
175638
175647
175656
175659
175668
175677
175680
175689
175698
175701
175710
175719
175722
175731
175740
175743
175752
175761
175764
175773
175782
175785
175794
175803
175806
175815
175824
175827
175835
175844
175847
175855
175862
175865
175873
175880
175883
175891
175898
175901
175909
175916
175919
175927
175934
175937
175945
175952
175955
175963
175970
175973
175981
175988
175991
175999
176006
176009
176017
176024
176027
176035
176042
176045
176053
176060
176063
176071
176078
176081
176089
176096
176099
176107
176114
176117
176125
176132
176135
176143
176151
176154
176161
176162
176166
176167
176169
176171
176172
176173
176771
176776
176780
176782
176788
176790
176816
176820
176821
176825
176826
176830
176831
176839
176848
176851
176860
176869
176872
176881
176890
176893
176902
176911
176914
176923
176932
176935
176944
176953
176956
176965
176974
176977
176986
176995
176998
177007
177016
177019
177028
177037
177040
177049
177058
177061
177070
177079
177082
177091
177100
177103
177112
177121
177124
177133
177142
177145
177154
177163
177166
177175
177184
177187
177196
177205
177208
177217
177226
177229
177237
177246
177249
177257
177264
177267
177275
177282
177285
177293
177300
177303
177311
177318
177321
177329
177336
177339
177347
177354
177357
177365
177372
177375
177383
177390
177393
177401
177408
177411
177419
177426
177429
177437
177444
177447
177455
177462
177465
177473
177480
177483
177491
177498
177501
177509
177516
177519
177528
177537
177540
177544
177549
177554
177555
177556
178139
178144
178156
178164
178171
178173
178188
178193
178198
178207
178214
178215
178217
178226
178235
178238
178247
178256
178259
178268
178277
178280
178289
178298
178301
178310
178319
178322
178331
178340
178343
178352
178361
178364
178373
178382
178385
178394
178403
178406
178415
178424
178427
178436
178445
178448
178457
178466
178469
178478
178487
178490
178499
178508
178511
178520
178529
178532
178541
178550
178553
178562
178571
178574
178583
178592
178595
178604
178613
178616
178624
178632
178635
178643
178650
178653
178661
178668
178671
178679
178686
178689
178697
178704
178707
178715
178722
178725
178733
178740
178743
178751
178758
178761
178769
178776
178779
178787
178794
178797
178805
178812
178815
178823
178830
178833
178841
178848
178851
178859
178866
178869
178877
178885
178888
178895
178896
178900
178901
178903
178905
178906
178907
179466
179469
179476
179488
179502
179504
179505
179506
179517
179518
179521
179523
179528
179534
179543
179550
179551
179553
179562
179571
179574
179583
179592
179595
179604
179613
179616
179625
179634
179637
179646
179655
179658
179667
179676
179679
179688
179697
179700
179709
179718
179721
179730
179739
179742
179751
179760
179763
179772
179781
179784
179793
179802
179805
179814
179823
179826
179835
179844
179847
179856
179865
179868
179877
179886
179889
179898
179907
179910
179919
179928
179931
179939
179948
179951
179959
179966
179969
179977
179984
179987
179995
180002
180005
180013
180020
180023
180031
180038
180041
180049
180056
180059
180067
180074
180077
180085
180092
180095
180103
180110
180113
180121
180128
180131
180139
180146
180149
180157
180164
180167
180175
180183
180186
180194
180198
180199
180201
180203
180204
180205
180208
180209
180746
180751
180755
180757
180763
180765
180791
180795
180796
180800
180801
180805
180806
180814
180823
180826
180835
180844
180847
180856
180865
180868
180877
180886
180889
180898
180907
180910
180919
180928
180931
180940
180949
180952
180961
180970
180973
180982
180991
180994
181003
181012
181015
181024
181033
181036
181045
181054
181057
181066
181075
181078
181087
181096
181099
181108
181117
181120
181129
181138
181141
181150
181159
181162
181171
181180
181183
181192
181201
181204
181212
181219
181222
181230
181237
181240
181248
181255
181258
181266
181273
181276
181284
181291
181294
181302
181309
181312
181320
181327
181330
181338
181345
181348
181356
181363
181366
181374
181381
181384
181392
181399
181402
181410
181418
181421
181430
181439
181442
181446
181451
181456
181457
181458
181981
181988
181994
181998
182004
182005
182008
182010
182027
182040
182043
182044
182048
182049
182053
182054
182062
182071
182074
182083
182092
182095
182104
182113
182116
182125
182134
182137
182146
182155
182158
182167
182176
182179
182188
182197
182200
182209
182218
182221
182230
182239
182242
182251
182260
182263
182272
182281
182284
182293
182302
182305
182314
182323
182326
182335
182344
182347
182356
182365
182368
182377
182386
182389
182398
182407
182410
182419
182428
182431
182439
182447
182450
182458
182465
182468
182476
182483
182486
182494
182501
182504
182512
182519
182522
182530
182537
182540
182548
182555
182558
182566
182573
182576
182584
182591
182594
182602
182609
182612
182620
182628
182631
182640
182649
182652
182655
182658
182659
182660
182661
182666
182667
182668
183170
183177
183183
183187
183193
183194
183197
183199
183216
183229
183232
183233
183237
183238
183242
183243
183251
183260
183263
183272
183281
183284
183293
183302
183305
183314
183323
183326
183335
183344
183347
183356
183365
183368
183377
183386
183389
183398
183407
183410
183419
183428
183431
183440
183449
183452
183461
183470
183473
183482
183491
183494
183503
183512
183515
183524
183533
183536
183545
183554
183557
183566
183575
183578
183587
183596
183599
183607
183616
183619
183627
183634
183637
183645
183652
183655
183663
183670
183673
183681
183688
183691
183699
183706
183709
183717
183724
183727
183735
183742
183745
183753
183760
183763
183772
183781
183784
183793
183802
183805
183808
183811
183812
183813
183814
183819
183820
183821
184293
184300
184302
184309
184321
184337
184339
184341
184343
184344
184365
184376
184378
184379
184381
184385
184390
184399
184406
184407
184409
184418
184427
184430
184439
184448
184451
184460
184469
184472
184481
184490
184493
184502
184511
184514
184523
184532
184535
184544
184553
184556
184565
184574
184577
184586
184595
184598
184607
184616
184619
184628
184637
184640
184649
184658
184661
184670
184679
184682
184691
184700
184703
184712
184721
184724
184733
184742
184745
184753
184760
184763
184771
184778
184781
184789
184796
184799
184807
184814
184817
184825
184832
184835
184843
184850
184853
184861
184870
184873
184882
184891
184894
184902
184906
184907
184909
184911
184912
184913
184915
184917
184918
184919
184920
185370
185372
185378
185390
185392
185404
185406
185408
185409
185410
185440
185441
185443
185445
185449
185454
185463
185468
185470
185471
185473
185474
185482
185491
185494
185503
185512
185515
185524
185533
185536
185545
185554
185557
185566
185575
185578
185587
185596
185599
185608
185617
185620
185629
185638
185641
185650
185659
185662
185671
185680
185683
185692
185701
185704
185713
185722
185725
185734
185743
185746
185755
185764
185767
185776
185785
185788
185796
185805
185808
185816
185825
185828
185836
185845
185848
185856
185865
185868
185877
185886
185889
185898
185907
185910
185919
185928
185931
185939
185943
185944
185946
185947
185948
185949
185950
185953
185954
186345
186353
186355
186362
186374
186376
186388
186390
186392
186394
186396
186397
186421
186434
186436
186437
186439
186443
186448
186457
186462
186464
186465
186467
186468
186476
186485
186488
186497
186506
186509
186518
186527
186530
186539
186548
186551
186560
186569
186572
186581
186590
186593
186602
186611
186614
186623
186632
186635
186644
186653
186656
186665
186674
186677
186686
186695
186698
186707
186716
186719
186728
186737
186740
186749
186758
186761
186770
186779
186782
186791
186800
186803
186812
186821
186824
186833
186842
186845
186853
186857
186858
186860
186861
186862
186863
186864
186866
186868
186869
186870
186871
187237
187244
187246
187253
187265
187268
187278
187296
187306
187307
187309
187311
187313
187314
187356
187367
187369
187370
187372
187376
187381
187390
187395
187397
187398
187400
187401
187408
187415
187416
187418
187427
187436
187439
187448
187457
187460
187469
187478
187481
187490
187499
187502
187511
187520
187523
187532
187541
187544
187553
187562
187565
187574
187583
187586
187595
187604
187607
187616
187625
187628
187637
187646
187649
187658
187667
187670
187678
187683
187685
187688
187689
187696
187700
187701
187703
187704
187705
187706
187707
187709
187711
187712
187713
187714
188035
188037
188047
188049
188056
188068
188071
188081
188084
188094
188097
188159
188162
188172
188175
188185
188186
188188
188190
188192
188202
188203
188257
188258
188260
188262
188275
188277
188278
188280
188284
188289
188298
188303
188305
188306
188308
188309
188316
188321
188323
188324
188326
188327
188334
188339
188341
188342
188344
188345
188352
188359
188362
188370
188377
188380
188388
188395
188398
188406
188413
188416
188424
188429
188431
188432
188434
188435
188442
188447
188449
188450
188452
188453
188460
188464
188465
188467
188468
188469
188470
188471
188473
188475
188476
188478
188492
188493
188741
188748
188749
188759
188760
188770
188771
188781
188782
188783
188877
188888
188890
188891
188893
188906
188908
188909
188911
188924
188926
188927
188929
188942
188944
188945
188946
188947
199429
199431
199449
199450
199452
199457
199458
199462
199464
200889
201012
201014
201494
201603
201704
201706
201800
201802
201881
201961
201964
202038
)
;
    flipMap         List<bool> 
6674
(
1
1
1
1
1
0
0
0
0
0
0
0
1
1
1
1
1
1
1
1
1
1
1
1
1
1
0
0
0
0
1
1
1
1
1
1
1
1
1
1
1
1
1
1
1
1
1
1
1
0
0
0
1
1
1
1
1
1
1
1
1
1
1
1
1
1
1
1
1
1
1
1
1
1
0
0
0
1
1
1
1
1
1
1
1
1
1
1
1
1
1
1
1
1
1
1
1
1
1
1
1
1
1
1
0
0
1
1
1
1
1
1
1
1
1
1
1
1
1
1
1
1
1
1
1
1
1
1
1
1
1
1
1
1
1
1
0
0
1
1
1
1
1
1
1
1
1
1
1
1
1
1
1
1
1
1
1
1
1
1
1
1
1
1
1
1
1
1
1
0
0
1
1
1
1
1
1
1
1
1
1
1
1
1
1
1
1
1
1
1
1
1
1
1
1
1
1
1
1
1
1
1
1
0
0
1
1
1
1
1
1
1
1
1
1
1
1
1
1
1
1
1
1
1
1
1
1
1
1
1
1
1
1
1
1
1
1
1
0
0
1
1
1
1
1
1
1
1
1
1
1
1
1
1
1
1
1
1
1
1
1
1
1
1
1
1
1
1
1
1
1
1
1
1
1
1
0
0
1
1
1
1
1
1
1
1
1
1
1
1
1
1
1
1
1
1
1
1
1
1
1
1
1
1
1
1
1
1
1
1
1
1
1
1
1
1
0
0
1
1
1
1
1
1
1
1
1
1
1
1
1
1
1
1
1
1
1
1
1
1
1
1
1
1
1
1
1
1
1
1
1
1
1
1
1
0
0
1
1
1
1
1
1
1
1
1
1
1
1
1
1
1
1
1
1
1
1
1
1
1
1
1
1
1
1
1
1
1
1
1
1
1
1
1
1
1
1
0
0
1
1
1
1
1
1
1
1
1
1
1
1
1
1
1
1
1
1
1
1
1
1
1
1
1
1
1
1
1
1
1
1
1
1
1
1
1
1
1
0
0
1
1
1
1
1
1
1
1
1
1
1
1
1
1
1
1
1
1
1
1
1
1
1
1
1
1
1
1
1
1
1
1
1
1
1
1
1
1
1
1
1
0
1
1
1
1
1
1
1
1
1
1
1
1
1
1
1
1
1
1
1
1
1
1
1
1
1
1
1
1
1
1
1
1
1
1
1
1
1
1
1
1
1
1
1
0
1
1
1
1
1
1
1
1
1
1
1
1
1
1
1
1
1
1
1
1
1
1
1
1
1
1
1
1
1
1
1
1
1
1
1
1
1
1
1
1
1
0
0
1
1
1
1
1
1
1
1
1
1
1
1
1
1
1
1
1
1
1
1
1
1
1
1
1
1
1
1
1
1
1
1
1
1
1
1
1
1
1
1
1
1
1
0
1
1
1
1
1
1
1
1
1
1
1
1
1
1
1
1
1
1
1
1
1
1
1
1
1
1
1
1
1
1
1
1
1
1
1
1
1
1
1
1
1
1
1
0
1
1
1
1
1
1
1
1
1
1
1
1
1
1
1
1
1
1
1
1
1
1
1
1
1
1
1
1
1
1
1
1
1
1
1
1
1
1
1
1
1
1
1
1
0
0
1
1
1
1
1
1
1
1
1
1
1
1
1
1
1
1
1
1
1
1
1
1
1
1
1
1
1
1
1
1
1
1
1
1
1
1
1
1
1
1
1
1
1
1
0
1
1
1
1
1
1
1
1
1
1
1
1
1
1
1
1
1
1
1
1
1
1
1
1
1
1
1
1
1
1
1
1
1
1
1
1
1
1
1
1
1
1
1
1
0
1
1
1
1
1
1
1
1
1
1
1
1
1
1
1
1
1
1
1
1
1
1
1
1
1
1
1
1
1
1
1
1
1
1
1
1
1
1
1
1
1
1
1
1
0
1
1
1
1
1
1
1
1
1
1
1
1
1
1
1
1
1
1
1
1
1
1
1
1
1
1
1
1
1
1
1
1
1
1
1
1
1
1
1
1
1
1
1
0
1
1
1
1
1
1
1
1
1
1
1
1
1
1
1
1
1
1
1
1
1
1
1
1
1
1
1
1
1
1
1
1
1
1
1
1
1
1
1
1
1
1
1
1
0
1
1
1
1
1
1
1
1
1
1
1
1
1
1
1
1
1
1
1
1
1
1
1
1
1
1
1
1
1
1
1
1
1
1
1
1
1
1
1
1
1
1
1
0
1
1
1
1
1
1
1
1
1
1
1
1
1
1
1
1
1
1
1
1
1
1
1
1
1
1
1
1
1
1
1
1
1
1
1
1
1
1
1
1
1
1
1
1
1
0
1
1
1
1
1
1
1
1
1
1
1
1
1
1
1
1
1
1
1
1
1
1
1
1
1
1
1
1
1
1
1
1
1
1
1
1
1
1
1
1
1
1
0
0
1
1
1
1
1
1
1
1
1
1
1
1
1
1
1
1
1
1
1
1
1
1
1
1
1
1
1
1
1
1
1
1
1
1
1
1
1
1
1
1
1
0
1
1
1
1
1
1
1
1
1
1
1
1
1
1
1
1
1
1
1
1
1
1
1
1
1
1
1
1
1
1
1
1
1
1
1
1
1
1
1
1
1
1
1
0
1
1
1
1
1
1
1
1
1
1
1
1
1
1
1
1
1
1
1
1
1
1
1
1
1
1
1
1
1
1
1
1
1
1
1
1
1
1
1
0
1
1
1
1
1
1
1
1
1
1
1
1
1
1
1
1
1
1
1
1
1
1
1
1
1
1
1
1
1
1
1
1
1
1
1
1
1
1
1
1
1
1
0
1
1
1
1
1
1
1
1
1
1
1
1
1
1
1
1
1
1
1
1
1
1
1
1
1
1
1
1
1
1
1
1
1
1
1
1
1
0
1
1
1
1
1
1
1
1
1
1
1
1
1
1
1
1
1
1
1
1
1
1
1
1
1
1
1
1
1
1
1
1
1
1
1
1
1
1
1
1
0
0
1
1
1
1
1
1
1
1
1
1
1
1
1
1
1
1
1
1
1
1
1
1
1
1
1
1
1
1
1
1
1
1
1
1
1
1
1
0
1
1
1
1
1
1
1
1
1
1
1
1
1
1
1
1
1
1
1
1
1
1
1
1
1
1
1
1
1
1
1
1
1
0
0
1
1
1
1
1
1
1
1
1
1
1
1
1
1
1
1
1
1
1
1
1
1
1
1
1
1
1
1
1
1
1
1
1
1
0
0
1
1
1
1
1
1
1
1
1
1
1
1
1
1
1
1
1
1
1
1
1
1
1
1
1
1
1
1
1
1
1
1
0
0
0
1
1
1
1
1
1
1
1
1
1
1
1
1
1
1
1
1
1
1
1
1
1
1
1
1
1
1
1
1
1
1
1
0
0
1
1
1
1
1
1
1
1
1
1
1
1
1
1
1
1
1
1
1
1
1
1
1
1
1
1
0
0
0
1
1
1
1
1
1
1
1
1
1
1
1
1
1
1
1
1
1
1
1
1
1
1
1
1
0
0
0
1
1
1
1
1
1
1
1
1
1
1
1
1
1
1
1
1
1
1
1
1
1
1
0
0
0
0
1
1
1
1
1
1
1
1
1
1
1
1
1
1
1
1
1
0
0
0
0
0
1
1
1
1
1
1
1
1
1
1
1
1
1
1
1
1
1
1
1
1
1
1
1
1
1
1
1
1
1
0
0
1
1
1
0
0
1
1
1
0
0
1
1
1
0
0
0
0
1
1
1
1
1
1
1
1
1
1
1
1
1
1
1
1
1
1
1
1
1
1
1
1
1
0
1
1
1
1
0
0
0
0
0
0
0
0
0
0
0
0
0
0
0
0
0
0
0
0
0
0
0
0
0
0
0
0
0
0
0
0
0
1
1
1
0
0
1
0
1
0
0
1
1
1
1
1
1
1
1
1
1
1
1
1
1
1
1
1
1
1
0
0
0
0
0
0
0
0
0
0
0
0
0
0
0
0
0
0
0
0
0
0
0
0
0
0
0
0
0
0
0
0
0
0
0
0
0
0
0
0
0
0
0
0
0
0
0
0
0
0
0
1
1
1
0
0
0
0
1
1
1
1
1
1
1
1
1
1
1
1
1
1
1
1
1
1
0
0
0
0
0
0
0
0
0
0
0
0
0
0
0
0
0
0
0
0
0
0
0
0
0
0
0
0
0
0
0
0
0
0
0
0
0
0
0
0
0
0
0
0
0
0
0
0
0
0
0
0
0
0
0
0
0
0
0
0
0
0
0
1
1
1
0
0
0
0
1
1
1
1
1
1
1
1
1
1
1
1
1
0
0
0
0
0
0
0
0
0
0
0
0
0
0
0
0
0
0
0
0
0
0
0
0
0
0
0
0
0
0
0
0
0
0
0
0
0
0
0
0
0
0
0
0
0
0
0
0
0
0
0
0
0
0
0
0
0
0
0
0
0
0
0
0
0
0
0
0
0
0
0
0
0
0
1
0
1
0
0
1
1
1
1
1
1
1
1
1
1
1
1
1
1
0
0
0
0
0
0
0
0
0
0
0
0
0
0
0
0
0
0
0
0
0
0
0
0
0
0
0
0
0
0
0
0
0
0
0
0
0
0
0
0
0
0
0
0
0
0
0
0
0
0
0
0
0
0
0
0
0
0
0
0
0
0
0
0
0
0
0
0
0
0
0
0
0
0
0
0
0
0
0
0
0
1
1
1
0
0
0
0
1
1
1
1
1
1
1
1
1
1
1
0
0
0
0
0
0
0
0
0
0
0
0
0
0
0
0
0
0
0
0
0
0
0
0
0
0
0
0
0
0
0
0
0
0
0
0
0
0
0
0
0
0
0
0
0
0
0
0
0
0
0
0
0
0
0
0
0
0
0
0
0
0
0
0
0
0
0
0
0
0
0
0
0
0
0
0
0
0
0
0
0
0
0
0
0
0
0
1
0
1
0
0
0
0
1
1
1
1
1
1
1
1
1
1
1
0
0
0
0
0
0
0
0
0
0
0
0
0
0
0
0
0
0
0
0
0
0
0
0
0
0
0
0
0
0
0
0
0
0
0
0
0
0
0
0
0
0
0
0
0
0
0
0
0
0
0
0
0
0
0
0
0
0
0
0
0
0
0
0
0
0
0
0
0
0
0
0
0
0
0
0
0
0
0
0
0
0
0
0
0
0
0
0
0
0
0
0
0
1
0
1
0
0
0
0
1
1
1
1
1
0
1
1
1
0
0
0
0
0
0
0
0
0
0
0
0
0
0
0
0
0
0
0
0
0
0
0
0
0
0
0
0
0
0
0
0
0
0
0
0
0
0
0
0
0
0
0
0
0
0
0
0
0
0
0
0
0
0
0
0
0
0
0
0
0
0
0
0
0
0
0
0
0
0
0
0
0
0
0
0
0
0
0
0
0
0
0
0
0
0
0
0
0
0
0
0
0
0
0
0
0
0
0
1
0
0
1
1
1
1
1
1
1
1
1
1
1
0
0
0
0
0
0
0
0
0
0
0
0
0
0
0
0
0
0
0
0
0
0
0
0
0
0
0
0
0
0
0
0
0
0
0
0
0
0
0
0
0
0
0
0
0
0
0
0
0
0
0
0
0
0
0
0
0
0
0
0
0
0
0
0
0
0
0
0
0
0
0
0
0
0
0
0
0
0
0
0
0
0
0
0
0
0
0
0
0
0
0
0
0
0
0
0
0
0
0
0
0
0
0
0
1
0
1
0
0
1
1
1
1
1
1
1
1
1
0
0
0
0
0
0
0
0
0
0
0
0
0
0
0
0
0
0
0
0
0
0
0
0
0
0
0
0
0
0
0
0
0
0
0
0
0
0
0
0
0
0
0
0
0
0
0
0
0
0
0
0
0
0
0
0
0
0
0
0
0
0
0
0
0
0
0
0
0
0
0
0
0
0
0
0
0
0
0
0
0
0
0
0
0
0
0
0
0
0
0
0
0
0
0
0
0
0
0
0
0
0
0
0
0
0
0
0
0
0
0
1
1
1
1
1
0
1
1
1
0
0
0
0
0
0
0
0
0
0
0
0
0
0
0
0
0
0
0
0
0
0
0
0
0
0
0
0
0
0
0
0
0
0
0
0
0
0
0
0
0
0
0
0
0
0
0
0
0
0
0
0
0
0
0
0
0
0
0
0
0
0
0
0
0
0
0
0
0
0
0
0
0
0
0
0
0
0
0
0
0
0
0
0
0
0
0
0
0
0
0
0
0
0
0
0
0
0
0
0
0
0
0
0
0
0
0
0
0
0
0
1
0
0
1
1
1
1
1
1
1
1
1
0
0
0
0
0
0
0
0
0
0
0
0
0
0
0
0
0
0
0
0
0
0
0
0
0
0
0
0
0
0
0
0
0
0
0
0
0
0
0
0
0
0
0
0
0
0
0
0
0
0
0
0
0
0
0
0
0
0
0
0
0
0
0
0
0
0
0
0
0
0
0
0
0
0
0
0
0
0
0
0
0
0
0
0
0
0
0
0
0
0
0
0
0
0
0
0
0
0
0
0
0
0
0
0
0
0
0
0
0
0
0
0
0
0
0
0
0
1
1
1
1
1
0
1
1
1
0
0
0
0
0
0
0
0
0
0
0
0
0
0
0
0
0
0
0
0
0
0
0
0
0
0
0
0
0
0
0
0
0
0
0
0
0
0
0
0
0
0
0
0
0
0
0
0
0
0
0
0
0
0
0
0
0
0
0
0
0
0
0
0
0
0
0
0
0
0
0
0
0
0
0
0
0
0
0
0
0
0
0
0
0
0
0
0
0
0
0
0
0
0
0
0
0
0
0
0
0
0
0
0
0
0
0
0
0
0
0
0
0
0
0
0
0
1
0
0
1
1
1
1
1
1
0
0
0
0
0
0
0
0
0
0
0
0
0
0
0
0
0
0
0
0
0
0
0
0
0
0
0
0
0
0
0
0
0
0
0
0
0
0
0
0
0
0
0
0
0
0
0
0
0
0
0
0
0
0
0
0
0
0
0
0
0
0
0
0
0
0
0
0
0
0
0
0
0
0
0
0
0
0
0
0
0
0
0
0
0
0
0
0
0
0
0
0
0
0
0
0
0
0
0
0
0
0
0
0
0
0
0
0
0
0
0
0
0
0
0
0
0
0
0
0
0
0
0
1
1
1
1
1
1
1
1
0
0
0
0
0
0
0
0
0
0
0
0
0
0
0
0
0
0
0
0
0
0
0
0
0
0
0
0
0
0
0
0
0
0
0
0
0
0
0
0
0
0
0
0
0
0
0
0
0
0
0
0
0
0
0
0
0
0
0
0
0
0
0
0
0
0
0
0
0
0
0
0
0
0
0
0
0
0
0
0
0
0
0
0
0
0
0
0
0
0
0
0
0
0
0
0
0
0
0
0
0
0
0
0
0
0
0
0
0
0
0
0
0
0
0
0
0
0
0
0
0
0
1
0
0
0
1
1
1
1
0
1
1
1
0
0
0
0
0
0
0
0
0
0
0
0
0
0
0
0
0
0
0
0
0
0
0
0
0
0
0
0
0
0
0
0
0
0
0
0
0
0
0
0
0
0
0
0
0
0
0
0
0
0
0
0
0
0
0
0
0
0
0
0
0
0
0
0
0
0
0
0
0
0
0
0
0
0
0
0
0
0
0
0
0
0
0
0
0
0
0
0
0
0
0
0
0
0
0
0
0
0
0
0
0
0
0
0
0
0
0
0
0
0
0
0
0
0
0
0
0
0
0
0
0
0
0
1
0
0
1
1
1
1
1
1
0
0
0
0
0
0
0
0
0
0
0
0
0
0
0
0
0
0
0
0
0
0
0
0
0
0
0
0
0
0
0
0
0
0
0
0
0
0
0
0
0
0
0
0
0
0
0
0
0
0
0
0
0
0
0
0
0
0
0
0
0
0
0
0
0
0
0
0
0
0
0
0
0
0
0
0
0
0
0
0
0
0
0
0
0
0
0
0
0
0
0
0
0
0
0
0
0
0
0
0
0
0
0
0
0
0
0
0
0
0
0
0
0
0
0
0
0
0
0
0
0
0
0
0
0
0
0
0
0
1
1
1
1
1
0
0
0
0
0
0
0
0
0
0
0
0
0
0
0
0
0
0
0
0
0
0
0
0
0
0
0
0
0
0
0
0
0
0
0
0
0
0
0
0
0
0
0
0
0
0
0
0
0
0
0
0
0
0
0
0
0
0
0
0
0
0
0
0
0
0
0
0
0
0
0
0
0
0
0
0
0
0
0
0
0
0
0
0
0
0
0
0
0
0
0
0
0
0
0
0
0
0
0
0
0
0
0
0
0
0
0
0
0
0
0
0
0
0
0
0
0
0
0
0
0
0
0
0
0
0
0
0
0
1
1
1
1
1
1
1
1
0
0
0
0
0
0
0
0
0
0
0
0
0
0
0
0
0
0
0
0
0
0
0
0
0
0
0
0
0
0
0
0
0
0
0
0
0
0
0
0
0
0
0
0
0
0
0
0
0
0
0
0
0
0
0
0
0
0
0
0
0
0
0
0
0
0
0
0
0
0
0
0
0
0
0
0
0
0
0
0
0
0
0
0
0
0
0
0
0
0
0
0
0
0
0
0
0
0
0
0
0
0
0
0
0
0
0
0
0
0
0
0
0
0
0
0
0
0
0
0
0
0
0
0
0
0
0
0
0
1
1
1
1
0
1
1
0
0
0
0
0
0
0
0
0
0
0
0
0
0
0
0
0
0
0
0
0
0
0
0
0
0
0
0
0
0
0
0
0
0
0
0
0
0
0
0
0
0
0
0
0
0
0
0
0
0
0
0
0
0
0
0
0
0
0
0
0
0
0
0
0
0
0
0
0
0
0
0
0
0
0
0
0
0
0
0
0
0
0
0
0
0
0
0
0
0
0
0
0
0
0
0
0
0
0
0
0
0
0
0
0
0
0
0
0
0
0
0
0
0
0
0
0
0
0
0
0
0
0
0
0
0
0
0
0
0
0
1
1
1
0
1
1
0
0
0
0
0
0
0
0
0
0
0
0
0
0
0
0
0
0
0
0
0
0
0
0
0
0
0
0
0
0
0
0
0
0
0
0
0
0
0
0
0
0
0
0
0
0
0
0
0
0
0
0
0
0
0
0
0
0
0
0
0
0
0
0
0
0
0
0
0
0
0
0
0
0
0
0
0
0
0
0
0
0
0
0
0
0
0
0
0
0
0
0
0
0
0
0
0
0
0
0
0
0
0
0
0
0
0
0
0
0
0
0
0
0
0
0
0
0
0
0
0
0
0
0
0
0
0
0
0
0
0
1
1
1
0
1
1
0
0
0
0
0
0
0
0
0
0
0
0
0
0
0
0
0
0
0
0
0
0
0
0
0
0
0
0
0
0
0
0
0
0
0
0
0
0
0
0
0
0
0
0
0
0
0
0
0
0
0
0
0
0
0
0
0
0
0
0
0
0
0
0
0
0
0
0
0
0
0
0
0
0
0
0
0
0
0
0
0
0
0
0
0
0
0
0
0
0
0
0
0
0
0
0
0
0
0
0
0
0
0
0
0
0
0
0
0
0
0
0
0
0
0
0
0
0
0
0
0
0
0
0
0
0
0
0
0
0
0
1
1
0
1
0
1
0
1
0
0
0
0
0
0
0
0
0
0
0
0
0
0
0
0
0
0
0
0
0
0
0
0
0
0
0
0
0
0
0
0
0
0
0
0
0
0
0
0
0
0
0
0
0
0
0
0
0
0
0
0
0
0
0
0
0
0
0
0
0
0
0
0
0
0
0
0
0
0
0
0
0
0
0
0
0
0
0
0
0
0
0
0
0
0
0
0
0
0
0
0
0
0
0
0
0
0
0
0
0
0
0
0
0
0
0
0
0
0
0
0
0
0
0
0
0
0
0
0
0
0
0
0
0
0
0
0
0
0
0
0
0
1
1
1
1
1
0
0
0
0
0
0
0
0
0
0
0
0
0
0
0
0
0
0
0
0
0
0
0
0
0
0
0
0
0
0
0
0
0
0
0
0
0
0
0
0
0
0
0
0
0
0
0
0
0
0
0
0
0
0
0
0
0
0
0
0
0
0
0
0
0
0
0
0
0
0
0
0
0
0
0
0
0
0
0
0
0
0
0
0
0
0
0
0
0
0
0
0
0
0
0
0
0
0
0
0
0
0
0
0
0
0
0
0
0
0
0
0
0
0
0
0
0
0
0
0
0
0
0
0
0
0
0
0
0
1
1
1
1
1
0
0
0
0
0
0
0
0
0
0
0
0
0
0
0
0
0
0
0
0
0
0
0
0
0
0
0
0
0
0
0
0
0
0
0
0
0
0
0
0
0
0
0
0
0
0
0
0
0
0
0
0
0
0
0
0
0
0
0
0
0
0
0
0
0
0
0
0
0
0
0
0
0
0
0
0
0
0
0
0
0
0
0
0
0
0
0
0
0
0
0
0
0
0
0
0
0
0
0
0
0
0
0
0
0
0
0
0
0
0
0
0
0
0
0
0
0
0
0
0
0
0
0
0
0
0
0
0
0
1
1
0
0
0
1
1
1
0
0
0
0
0
0
0
0
0
0
0
0
0
0
0
0
0
0
0
0
0
0
0
0
0
0
0
0
0
0
0
0
0
0
0
0
0
0
0
0
0
0
0
0
0
0
0
0
0
0
0
0
0
0
0
0
0
0
0
0
0
0
0
0
0
0
0
0
0
0
0
0
0
0
0
0
0
0
0
0
0
0
0
0
0
0
0
0
0
0
0
0
0
0
0
0
0
0
0
0
0
0
0
0
0
0
0
0
0
0
0
0
0
0
0
0
0
0
0
0
0
0
0
0
0
0
0
0
0
0
0
0
1
1
0
0
1
0
1
1
0
0
0
0
0
0
0
0
0
0
0
0
0
0
0
0
0
0
0
0
0
0
0
0
0
0
0
0
0
0
0
0
0
0
0
0
0
0
0
0
0
0
0
0
0
0
0
0
0
0
0
0
0
0
0
0
0
0
0
0
0
0
0
0
0
0
0
0
0
0
0
0
0
0
0
0
0
0
0
0
0
0
0
0
0
0
0
0
0
0
0
0
0
0
0
0
0
0
0
0
0
0
0
0
0
0
0
0
0
0
0
0
0
0
0
0
0
0
0
0
0
0
0
0
0
1
0
1
0
0
0
0
1
0
0
1
1
0
0
0
0
0
0
0
0
0
0
0
0
0
0
0
0
0
0
0
0
0
0
0
0
0
0
0
0
0
0
0
0
0
0
0
0
0
0
0
0
0
0
0
0
0
0
0
0
0
0
0
0
0
0
0
0
0
0
0
0
0
0
0
0
0
0
0
0
0
0
0
0
0
0
0
0
0
0
0
0
0
0
0
0
0
0
0
0
0
0
0
0
0
0
0
0
0
0
0
0
0
0
0
0
0
0
0
0
0
0
0
0
0
0
0
0
0
0
0
0
0
0
0
0
1
1
0
0
0
0
1
1
1
0
0
0
0
0
0
0
0
0
0
0
0
0
0
0
0
0
0
0
0
0
0
0
0
0
0
0
0
0
0
0
0
0
0
0
0
0
0
0
0
0
0
0
0
0
0
0
0
0
0
0
0
0
0
0
0
0
0
0
0
0
0
0
0
0
0
0
0
0
0
0
0
0
0
0
0
0
0
0
0
0
0
0
0
0
0
0
0
0
0
0
0
0
0
0
0
0
0
0
0
0
0
0
0
0
0
0
0
0
0
0
0
0
0
0
0
0
0
0
0
0
0
0
0
0
0
1
1
0
0
0
0
1
0
1
0
1
0
0
0
0
0
0
0
0
0
0
0
0
0
0
0
0
0
0
0
0
0
0
0
0
0
0
0
0
0
0
0
0
0
0
0
0
0
0
0
0
0
0
0
0
0
0
0
0
0
0
0
0
0
0
0
0
0
0
0
0
0
0
0
0
0
0
0
0
0
0
0
0
0
0
0
0
0
0
0
0
0
0
0
0
0
0
0
0
0
0
0
0
0
0
0
0
0
0
0
0
0
0
0
0
0
0
0
0
0
0
0
0
0
0
0
0
0
0
0
0
0
1
1
0
0
0
0
1
1
1
0
0
0
0
0
0
0
0
0
0
0
0
0
0
0
0
0
0
0
0
0
0
0
0
0
0
0
0
0
0
0
0
0
0
0
0
0
0
0
0
0
0
0
0
0
0
0
0
0
0
0
0
0
0
0
0
0
0
0
0
0
0
0
0
0
0
0
0
0
0
0
0
0
0
0
0
0
0
0
0
0
0
0
0
0
0
0
0
0
0
0
0
0
0
0
0
0
0
0
0
0
0
0
0
0
0
0
0
0
0
0
0
0
0
0
0
0
0
0
0
1
1
0
0
0
0
1
0
1
0
1
0
0
0
0
0
0
0
0
0
0
0
0
0
0
0
0
0
0
0
0
0
0
0
0
0
0
0
0
0
0
0
0
0
0
0
0
0
0
0
0
0
0
0
0
0
0
0
0
0
0
0
0
0
0
0
0
0
0
0
0
0
0
0
0
0
0
0
0
0
0
0
0
0
0
0
0
0
0
0
0
0
0
0
0
0
0
0
0
0
0
0
0
0
0
0
0
0
0
0
0
0
0
0
0
0
0
0
0
0
0
0
0
0
0
0
1
1
0
0
0
0
1
1
1
0
0
0
0
0
0
0
0
0
0
0
0
0
0
0
0
0
0
0
0
0
0
0
0
0
0
0
0
0
0
0
0
0
0
0
0
0
0
0
0
0
0
0
0
0
0
0
0
0
0
0
0
0
0
0
0
0
0
0
0
0
0
0
0
0
0
0
0
0
0
0
0
0
0
0
0
0
0
0
0
0
0
0
0
0
0
0
0
0
0
0
0
0
0
0
0
0
0
0
0
0
0
0
0
0
0
0
0
0
0
0
0
0
0
1
0
1
0
0
0
0
0
0
1
0
0
1
1
0
0
0
0
0
0
0
0
0
0
0
0
0
0
0
0
0
0
0
0
0
0
0
0
0
0
0
0
0
0
0
0
0
0
0
0
0
0
0
0
0
0
0
0
0
0
0
0
0
0
0
0
0
0
0
0
0
0
0
0
0
0
0
0
0
0
0
0
0
0
0
0
0
0
0
0
0
0
0
0
0
0
0
0
0
0
0
0
0
0
0
0
0
0
0
0
0
0
0
0
0
0
0
0
0
0
0
0
0
1
1
0
0
0
0
1
0
1
0
1
0
0
0
0
0
0
0
0
0
0
0
0
0
0
0
0
0
0
0
0
0
0
0
0
0
0
0
0
0
0
0
0
0
0
0
0
0
0
0
0
0
0
0
0
0
0
0
0
0
0
0
0
0
0
0
0
0
0
0
0
0
0
0
0
0
0
0
0
0
0
0
0
0
0
0
0
0
0
0
0
0
0
0
0
0
0
0
0
0
0
0
0
0
0
0
0
0
0
0
0
0
0
0
1
0
1
0
0
0
0
0
1
0
0
1
0
1
0
0
0
0
0
0
0
0
0
0
0
0
0
0
0
0
0
0
0
0
0
0
0
0
0
0
0
0
0
0
0
0
0
0
0
0
0
0
0
0
0
0
0
0
0
0
0
0
0
0
0
0
0
0
0
0
0
0
0
0
0
0
0
0
0
0
0
0
0
0
0
0
0
0
0
0
0
0
0
0
0
0
0
0
0
0
0
0
0
0
0
0
0
0
0
0
0
0
0
0
1
0
1
0
0
0
0
0
1
0
0
1
0
1
0
0
0
0
0
0
0
0
0
0
0
0
0
0
0
0
0
0
0
0
0
0
0
0
0
0
0
0
0
0
0
0
0
0
0
0
0
0
0
0
0
0
0
0
0
0
0
0
0
0
0
0
0
0
0
0
0
0
0
0
0
0
0
0
0
0
0
0
0
0
0
0
0
0
0
0
0
0
0
0
0
0
0
0
0
0
0
0
0
0
0
0
0
0
1
0
0
1
0
0
0
0
0
0
1
0
0
0
0
1
1
0
0
0
0
0
0
0
0
0
0
0
0
0
0
0
0
0
0
0
0
0
0
0
0
0
0
0
0
0
0
0
0
0
0
0
0
0
0
0
0
0
0
0
0
0
0
0
0
0
0
0
0
0
0
0
0
0
0
0
0
0
0
0
0
0
0
0
0
0
0
0
0
0
0
0
0
0
0
0
0
0
0
0
0
0
0
0
0
1
0
1
0
0
0
0
0
0
0
0
1
0
0
1
1
0
0
0
0
0
0
0
0
0
0
0
0
0
0
0
0
0
0
0
0
0
0
0
0
0
0
0
0
0
0
0
0
0
0
0
0
0
0
0
0
0
0
0
0
0
0
0
0
0
0
0
0
0
0
0
0
0
0
0
0
0
0
0
0
0
0
0
0
0
0
0
0
0
0
0
0
0
0
0
0
0
0
1
0
0
1
0
0
0
0
0
0
0
0
1
0
0
0
0
1
1
0
0
0
0
0
0
0
0
0
0
0
0
0
0
0
0
0
0
0
0
0
0
0
0
0
0
0
0
0
0
0
0
0
0
0
0
0
0
0
0
0
0
0
0
0
0
0
0
0
0
0
0
0
0
0
0
0
0
0
0
0
0
0
0
0
0
0
0
0
0
0
0
0
1
0
0
1
0
0
0
0
0
0
0
0
0
0
1
0
0
0
0
1
1
0
0
0
0
0
0
0
0
0
0
0
0
0
0
0
0
0
0
0
0
0
0
0
0
0
0
0
0
0
0
0
0
0
0
0
0
0
0
0
0
0
0
0
0
0
0
0
0
0
0
0
0
0
0
0
0
0
0
0
0
0
0
0
0
1
0
0
0
1
0
0
0
0
0
0
0
0
0
0
0
0
0
0
0
0
0
0
1
0
0
0
0
0
0
1
1
0
0
0
0
0
0
0
0
0
0
0
0
0
0
0
0
0
0
0
0
0
0
0
0
0
0
0
0
0
0
0
0
0
0
0
0
0
0
0
0
0
0
0
0
0
0
0
0
0
0
0
0
0
0
0
0
1
0
0
0
0
0
0
0
0
0
1
0
0
0
0
0
0
0
0
0
0
0
0
0
0
0
0
0
1
1
1
1
1
1
1
1
1
1
1
1
1
1
1
1
1
1
1
1
1
1
)
;
}
)

// ************************************************************************* //
