/*--------------------------------*- C++ -*----------------------------------*\
| =========                 |                                                 |
| \\      /  F ield         | OpenFOAM: The Open Source CFD Toolbox           |
|  \\    /   O peration     | Version:  2412                                  |
|   \\  /    A nd           | Website:  www.openfoam.com                      |
|    \\/     M anipulation  |                                                 |
\*---------------------------------------------------------------------------*/
FoamFile
{
    version     2.0;
    format      ascii;
    arch        "LSB;label=32;scalar=64";
    class       regIOobject;
    location    "constant/polyMesh";
    object      faceZones;
    meta
    {
        names           1 ( faceMRFzone );
    }
}
// * * * * * * * * * * * * * * * * * * * * * * * * * * * * * * * * * * * * * //

1
(faceMRFzone
{
    type            faceZone;
    faceLabels      List<label> 
10320
(
15316
15320
15322
15323
15324
15329
15330
15335
15336
15341
15342
15347
15348
15350
15358
15362
15460
15464
15466
15467
15473
15479
15485
15491
15494
15502
15507
15605
15609
15611
15612
15618
15624
15630
15636
15639
15647
15652
15750
15754
15756
15757
15763
15769
15775
15781
15784
15792
15797
15895
15899
15901
15902
15908
15914
15920
15926
15929
15937
15942
16040
16044
16046
16047
16053
16059
16065
16071
16074
16082
16087
16185
16189
16191
16192
16198
16204
16210
16216
16219
16227
16232
16330
16334
16336
16337
16343
16349
16355
16361
16364
16372
16377
16475
16479
16481
16482
16488
16494
16500
16506
16509
16517
16522
16620
16624
16626
16627
16633
16639
16645
16651
16654
16662
16667
16765
16769
16771
16772
16778
16784
16790
16796
16799
16807
16812
16910
16914
16916
16917
16923
16929
16935
16941
16944
16952
16957
17062
17068
17074
17080
17086
19823
19826
19827
19828
19832
19833
19839
19845
19851
19857
19863
19869
19875
19881
19887
19892
19893
19898
19901
19980
19982
19984
19988
20048
20055
20058
20137
20139
20141
20145
20205
20212
20215
20294
20296
20298
20302
20362
20369
20372
20451
20453
20455
20459
20519
20526
20529
20608
20610
20612
20616
20676
20683
20686
20765
20767
20769
20773
20833
20840
20843
20922
20924
20926
20930
20990
20997
21000
21079
21081
21083
21087
21147
21154
21157
21236
21238
21240
21244
21304
21311
21314
21393
21395
21397
21401
21461
21468
21471
21550
21552
21554
21558
21618
21625
21628
21710
21716
21723
21729
21735
21741
21747
21753
21759
21765
21770
21776
24718
24720
24722
24728
24734
24740
24746
24752
24758
24764
24770
24776
24782
24788
24794
24800
24805
24806
24808
24814
24882
24884
24969
24972
24979
25047
25049
25134
25137
25144
25212
25214
25299
25302
25309
25377
25379
25464
25467
25474
25542
25544
25629
25632
25639
25707
25709
25794
25797
25804
25872
25874
25959
25962
25969
26037
26039
26124
26127
26134
26202
26204
26289
26292
26299
26367
26369
26454
26457
26464
26532
26534
26619
26622
26629
26701
26708
26714
26720
26726
26732
26738
26744
26750
26756
26762
26768
26774
26779
26785
29769
29770
29771
29776
29782
29788
29794
29800
29806
29812
29818
29824
29830
29836
29842
29848
29854
29860
29866
29872
29877
29880
29945
29947
30054
30057
30122
30124
30231
30234
30299
30301
30407
30410
30475
30477
30583
30586
30651
30653
30759
30762
30827
30829
30935
30938
31003
31005
31111
31114
31179
31181
31287
31290
31355
31357
31464
31467
31532
31534
31641
31644
31709
31711
31818
31821
31887
31894
31900
31906
31912
31918
31924
31930
31936
31942
31948
31954
31960
31966
31972
31978
31984
31989
35181
35182
35183
35188
35194
35200
35206
35212
35218
35224
35230
35236
35242
35248
35254
35260
35266
35272
35278
35284
35290
35296
35301
35304
35369
35371
35490
35493
35558
35560
35679
35682
35747
35749
35861
35864
35929
35931
36043
36046
36111
36113
36225
36228
36293
36295
36407
36410
36475
36477
36589
36592
36657
36659
36771
36774
36839
36841
36959
36962
37027
37029
37148
37151
37216
37218
37337
37340
37406
37413
37419
37425
37431
37437
37443
37449
37455
37461
37467
37473
37479
37485
37491
37497
37503
37509
37515
37520
40896
40897
40898
40903
40909
40915
40921
40927
40933
40939
40945
40951
40957
40963
40969
40975
40981
40987
40993
40999
41005
41011
41017
41023
41028
41031
41084
41086
41217
41220
41273
41275
41406
41409
41462
41464
41588
41591
41644
41646
41770
41773
41826
41828
41952
41955
42008
42010
42134
42137
42190
42192
42316
42319
42372
42374
42498
42501
42554
42556
42686
42689
42742
42744
42875
42878
42931
42933
43064
43067
43124
43131
43137
43143
43149
43155
43161
43167
43173
43179
43185
43191
43197
43203
43209
43215
43221
43227
43233
43239
43245
43250
46658
46660
46662
46668
46674
46680
46686
46692
46698
46704
46710
46716
46722
46728
46734
46740
46746
46752
46758
46764
46770
46776
46782
46788
46794
46796
46861
46863
46998
47064
47066
47201
47267
47269
47397
47463
47465
47593
47659
47661
47789
47855
47857
47985
48051
48053
48181
48247
48249
48377
48443
48445
48579
48645
48647
48782
48848
48850
48986
49051
49057
49063
49069
49075
49081
49087
49093
49099
49105
49111
49117
49123
49129
49135
49141
49147
49153
49159
49165
49171
49177
49182
52767
52773
52779
52785
52791
52797
52803
52809
52815
52821
52827
52833
52839
52845
52851
52857
52863
52869
52875
52881
52887
52893
52899
52905
52911
52916
52918
52921
52968
53116
53119
53169
53317
53320
53370
53511
53514
53564
53705
53708
53758
53899
53902
53952
54093
54096
54146
54287
54290
54340
54481
54484
54534
54681
54684
54734
54882
54885
54935
55083
55086
55146
55152
55158
55164
55170
55176
55182
55188
55194
55200
55206
55212
55218
55224
55230
55236
55242
55248
55254
55260
55266
55272
55278
55284
55289
58911
58912
58913
58918
58924
58930
58936
58942
58948
58954
58960
58966
58972
58978
58984
58990
58996
59002
59008
59014
59020
59026
59032
59038
59044
59050
59056
59062
59067
59120
59122
59277
59329
59331
59486
59538
59540
59688
59740
59742
59890
59942
59944
60092
60144
60146
60294
60346
60348
60496
60548
60550
60698
60750
60752
60906
60958
60960
61115
61167
61169
61324
61372
61379
61385
61391
61397
61403
61409
61415
61421
61427
61433
61439
61445
61451
61457
61463
61469
61475
61481
61487
61493
61499
61505
61511
61517
61522
65172
65173
65178
65184
65190
65196
65202
65208
65214
65220
65226
65232
65238
65244
65250
65256
65262
65268
65274
65280
65286
65292
65298
65304
65310
65316
65322
65328
65331
65379
65535
65538
65586
65742
65745
65793
65942
65945
65993
66142
66145
66193
66342
66345
66393
66542
66545
66593
66742
66745
66793
66942
66945
66993
67148
67151
67199
67355
67358
67406
67562
67565
67614
67620
67626
67632
67638
67644
67650
67656
67662
67668
67674
67680
67686
67692
67698
67704
67710
67716
67722
67728
67734
67740
67746
67752
67758
67764
71442
71446
71452
71458
71464
71470
71476
71482
71488
71494
71500
71506
71512
71518
71524
71530
71536
71542
71548
71554
71560
71566
71572
71578
71584
71590
71596
71602
71604
71656
71817
71871
72032
72086
72240
72294
72448
72502
72654
72708
72848
72902
73056
73110
73264
73318
73478
73532
73693
73747
73909
73970
73976
73982
73988
73994
74000
74006
74012
74018
74024
74030
74036
74042
74048
74054
74060
74066
74072
74078
74084
74090
74096
74102
74108
74114
74120
74125
77961
77963
77965
77971
77977
77983
77989
77995
78001
78007
78013
78019
78025
78031
78037
78043
78049
78055
78061
78067
78073
78079
78085
78091
78097
78103
78109
78115
78121
78123
78176
78178
78337
78391
78393
78552
78606
78608
78760
78814
78816
78968
79022
79024
79171
79225
79227
79348
79402
79404
79556
79610
79612
79764
79818
79820
79978
80032
80034
80193
80247
80249
80409
80465
80471
80477
80483
80489
80495
80501
80507
80513
80519
80525
80531
80537
80543
80549
80555
80561
80567
80573
80579
80585
80591
80597
80603
80609
80615
80621
84459
84460
84465
84471
84477
84483
84489
84495
84501
84507
84513
84519
84525
84531
84537
84543
84549
84555
84561
84567
84573
84579
84585
84591
84597
84603
84609
84615
84621
84627
84675
84843
84890
85058
85105
85273
85320
85488
85535
85696
85743
85867
85914
86082
86129
86297
86344
86512
86559
86727
86774
86942
86988
86994
87000
87006
87012
87018
87024
87030
87036
87042
87048
87054
87060
87066
87072
87078
87084
87090
87096
87102
87108
87114
87120
87126
87132
87138
87144
87150
90995
90996
91001
91007
91013
91019
91025
91031
91037
91043
91049
91055
91061
91067
91073
91079
91085
91091
91097
91103
91109
91115
91121
91127
91133
91139
91145
91151
91157
91163
91211
91379
91426
91594
91641
91793
91840
91992
92039
92183
92230
92336
92383
92535
92582
92734
92781
92949
92996
93164
93211
93379
93425
93431
93437
93443
93449
93455
93461
93467
93473
93479
93485
93491
93497
93503
93509
93515
93521
93527
93533
93539
93545
93551
93557
93563
93569
93575
93581
93587
97430
97431
97436
97442
97448
97454
97460
97466
97472
97478
97484
97490
97496
97502
97508
97514
97520
97526
97532
97538
97544
97550
97556
97562
97568
97574
97580
97586
97592
97598
97646
97814
97861
98029
98076
98146
98193
98263
98310
98375
98422
98463
98510
98580
98627
98697
98744
98896
98943
99111
99158
99326
99372
99378
99384
99390
99396
99402
99408
99414
99420
99426
99432
99438
99444
99450
99456
99462
99468
99474
99480
99486
99492
99498
99504
99510
99516
99522
99528
99534
103373
103374
103379
103385
103391
103397
103403
103409
103415
103421
103427
103433
103439
103445
103451
103457
103463
103469
103475
103481
103487
103493
103499
103505
103511
103517
103523
103529
103535
103541
103589
103757
103804
103972
104019
104187
104234
104402
104449
104609
104656
104775
104822
104990
105037
105205
105252
105420
105467
105635
105682
105850
105896
105902
105908
105914
105920
105926
105932
105938
105944
105950
105956
105962
105968
105974
105980
105986
105992
105998
106004
106010
106016
106022
106028
106034
106040
106046
106052
106058
109889
109890
109893
109895
109901
109907
109913
109919
109925
109931
109937
109943
109949
109955
109961
109967
109973
109979
109985
109991
109997
110003
110009
110015
110021
110027
110033
110039
110045
110051
110057
110105
110108
110273
110320
110323
110488
110535
110538
110702
110749
110752
110916
110963
110966
111123
111170
111173
111295
111342
111345
111509
111556
111559
111723
111770
111773
111938
111985
111988
112153
112200
112203
112368
112414
112420
112426
112432
112438
112444
112450
112456
112462
112468
112474
112480
112486
112492
112498
112504
112510
112516
112522
112528
112534
112540
112546
112552
112558
112564
112570
112576
116389
116393
116399
116405
116411
116417
116423
116429
116435
116441
116447
116453
116459
116465
116471
116477
116483
116489
116495
116501
116507
116513
116519
116525
116531
116537
116543
116549
116551
116601
116762
116814
116975
117027
117181
117233
117387
117439
117589
117641
117770
117822
117976
118028
118182
118234
118394
118446
118607
118659
118821
118881
118887
118893
118899
118905
118911
118917
118923
118929
118935
118941
118947
118953
118959
118965
118971
118977
118983
118989
118995
119001
119007
119013
119019
119025
119031
119037
122770
122776
122782
122788
122794
122800
122806
122812
122818
122824
122830
122836
122842
122848
122854
122860
122866
122872
122878
122884
122890
122896
122902
122908
122914
122920
122926
122933
122935
122936
122979
123142
123144
123188
123351
123353
123397
123553
123555
123599
123755
123757
123801
123957
123959
124003
124157
124159
124203
124359
124361
124405
124561
124563
124607
124769
124771
124815
124978
124980
125024
125187
125189
125239
125245
125251
125257
125263
125269
125275
125281
125287
125293
125299
125305
125311
125317
125323
125329
125335
125341
125347
125353
125359
125365
125371
125377
125383
125389
125395
129010
129011
129016
129022
129028
129034
129040
129046
129052
129058
129064
129070
129076
129082
129088
129094
129100
129106
129112
129118
129124
129130
129136
129142
129148
129154
129160
129166
129222
129378
129433
129589
129644
129793
129848
129997
130052
130201
130256
130405
130460
130609
130664
130813
130868
131023
131078
131234
131289
131445
131495
131501
131507
131513
131519
131525
131531
131537
131543
131549
131555
131561
131567
131573
131579
131585
131591
131597
131603
131609
131615
131621
131627
131633
131639
131645
135225
135226
135232
135238
135244
135250
135256
135262
135268
135274
135280
135286
135292
135298
135304
135310
135316
135322
135328
135334
135340
135346
135352
135358
135364
135370
135377
135380
135427
135429
135580
135630
135632
135783
135833
135835
135979
136029
136031
136175
136225
136227
136371
136421
136423
136567
136617
136619
136763
136813
136815
136959
137009
137011
137161
137211
137213
137364
137414
137416
137567
137629
137635
137641
137647
137653
137659
137665
137671
137677
137683
137689
137695
137701
137707
137713
137719
137725
137731
137737
137743
137749
137755
137761
137767
137773
141312
141313
141316
141318
141324
141330
141336
141342
141348
141354
141360
141366
141372
141378
141384
141390
141396
141402
141408
141414
141420
141426
141432
141438
141444
141450
141455
141456
141516
141519
141658
141660
141719
141722
141861
141863
141922
141925
142057
142059
142118
142121
142253
142255
142314
142317
142449
142451
142510
142513
142645
142647
142706
142709
142841
142843
142902
142905
143037
143039
143098
143101
143239
143241
143300
143303
143442
143444
143503
143506
143645
143647
143701
143707
143713
143719
143725
143731
143737
143743
143749
143755
143761
143767
143773
143779
143785
143791
143797
143803
143809
143815
143821
143827
143833
143839
147298
147304
147310
147316
147322
147328
147334
147340
147346
147352
147358
147364
147370
147376
147382
147388
147394
147400
147406
147412
147418
147424
147430
147437
147439
147440
147489
147628
147630
147680
147819
147821
147871
148003
148005
148055
148187
148189
148239
148371
148373
148423
148555
148557
148607
148739
148741
148791
148923
148925
148975
149113
149115
149165
149304
149306
149356
149495
149497
149557
149563
149569
149575
149581
149587
149593
149599
149605
149611
149617
149623
149629
149635
149641
149647
149653
149659
149665
149671
149677
149683
149689
153006
153007
153013
153019
153025
153031
153037
153043
153049
153055
153061
153067
153073
153079
153085
153091
153097
153103
153109
153115
153121
153127
153134
153136
153137
153196
153198
153325
153327
153387
153389
153516
153518
153578
153580
153700
153702
153762
153764
153884
153886
153946
153948
154068
154070
154130
154132
154252
154254
154314
154316
154436
154438
154498
154500
154620
154622
154682
154684
154810
154812
154872
154874
155001
155003
155063
155065
155192
155194
155262
155268
155274
155280
155286
155292
155298
155304
155310
155316
155322
155328
155334
155340
155346
155352
155358
155364
155370
155376
155382
158589
158590
158596
158602
158608
158614
158620
158626
158632
158638
158644
158650
158656
158662
158668
158674
158680
158686
158692
158698
158705
158707
158708
158767
158769
158884
158886
158946
158948
159063
159065
159125
159127
159235
159237
159297
159299
159407
159409
159469
159471
159579
159581
159641
159643
159751
159753
159813
159815
159923
159925
159985
159987
160095
160097
160157
160159
160273
160275
160335
160337
160452
160454
160514
160516
160631
160633
160701
160707
160713
160719
160725
160731
160737
160743
160749
160755
160761
160767
160773
160779
160785
160791
160797
160803
160809
163822
163823
163829
163833
163835
163841
163847
163853
163859
163865
163871
163877
163883
163889
163895
163901
163907
163913
163919
163926
163928
163929
163990
163992
164000
164095
164097
164159
164161
164169
164264
164266
164328
164330
164338
164433
164435
164497
164499
164507
164602
164604
164666
164668
164676
164771
164773
164835
164837
164845
164940
164942
165004
165006
165014
165109
165111
165173
165175
165183
165278
165280
165342
165344
165352
165447
165449
165511
165513
165521
165616
165618
165680
165682
165691
165785
165787
165857
165863
165869
165875
165881
165887
165893
165899
165905
165911
165917
165923
165929
165935
165941
165947
165953
168810
168813
168814
168816
168822
168828
168834
168840
168846
168852
168858
168864
168870
168876
168882
168891
168892
168893
168894
168971
168974
169052
169053
169055
169132
169135
169213
169214
169216
169293
169296
169374
169375
169377
169454
169457
169535
169536
169538
169615
169618
169696
169697
169699
169776
169779
169857
169858
169860
169937
169940
170018
170019
170021
170098
170101
170179
170180
170182
170259
170262
170340
170341
170343
170420
170423
170501
170502
170504
170581
170584
170662
170663
170665
170742
170748
170754
170760
170766
170772
170778
170784
170790
170796
170802
170808
170814
170820
173558
173564
173566
173571
173575
173577
173581
173583
173589
173595
173601
173607
173613
173617
173620
173622
173623
173624
173708
173714
173717
173724
173730
173766
173771
173773
173774
173859
173865
173868
173875
173881
173917
173922
173924
173925
174010
174016
174019
174026
174032
174068
174073
174075
174076
174161
174167
174170
174177
174183
174219
174224
174226
174227
174312
174318
174321
174328
174334
174370
174375
174377
174378
174463
174469
174472
174479
174485
174521
174526
174528
174529
174614
174620
174623
174630
174636
174672
174677
174679
174680
174765
174771
174774
174781
174787
174823
174828
174830
174831
174916
174922
174925
174932
174938
174974
174979
174981
174982
175067
175073
175076
175083
175089
175125
175130
175132
175133
175218
175224
175227
175235
175241
175277
175281
175283
175284
175383
175389
175395
175401
175407
175413
175419
175425
175431
177964
177970
177976
177982
177988
178095
178101
178107
178113
178119
178228
178234
178240
178246
178252
178361
178367
178373
178379
178385
178494
178500
178506
178512
178518
178627
178633
178639
178645
178651
178760
178766
178772
178778
178784
178893
178899
178905
178911
178917
179026
179032
179038
179044
179050
179159
179165
179171
179177
179183
179292
179298
179304
179310
179316
179425
179431
179437
179443
179449
196139
196146
196160
196164
196167
196181
196185
196188
196202
196206
196209
196223
196227
196230
196248
196302
196308
196320
196323
196326
196338
196341
196344
196356
196359
196362
196374
196377
196380
196395
196449
196455
196467
196470
196473
196485
196488
196491
196503
196506
196509
196521
196524
196527
196542
196596
196602
196614
196617
196620
196632
196635
196638
196650
196653
196656
196668
196671
196674
196689
196743
196749
196761
196764
196767
196779
196782
196785
196797
196800
196803
196815
196818
196821
196836
196890
196896
196908
196911
196914
196926
196929
196932
196944
196947
196950
196962
196965
196968
196983
197037
197043
197055
197058
197061
197073
197076
197079
197091
197094
197097
197109
197112
197115
197130
197184
197190
197202
197205
197208
197220
197223
197226
197238
197241
197244
197256
197259
197262
197277
197331
197337
197349
197352
197355
197367
197370
197373
197385
197388
197391
197403
197406
197409
197424
197478
197484
197496
197499
197502
197514
197517
197520
197532
197535
197538
197550
197553
197556
197571
197625
197631
197643
197646
197649
197661
197664
197667
197679
197682
197685
197697
197700
197703
197718
197769
197774
197787
197789
197792
197805
197807
197810
197823
197825
197828
197841
197843
197846
197861
197896
197900
197910
197918
197921
197931
197939
197942
197952
197960
197963
197973
197981
197984
197994
198002
198005
198023
198026
198041
198043
198061
198065
198069
198071
198077
198081
198087
198088
198090
198095
198097
198098
198114
198115
198203
198204
198206
198221
198223
198224
198243
198249
198251
198254
198256
198261
198274
198279
198281
198296
198299
198303
198305
198310
198314
198319
198321
198326
198328
198329
198345
198346
198434
198435
198437
198452
198454
198455
198473
198479
198483
198484
198489
198500
198504
198506
198521
198524
198528
198530
198535
198539
198544
198546
198551
198553
198554
198570
198571
198659
198660
198662
198677
198679
198680
198698
198704
198708
198709
198714
198725
198729
198731
198746
198749
198753
198755
198760
198764
198769
198771
198776
198778
198779
198795
198796
198884
198885
198887
198902
198904
198905
198923
198929
198933
198934
198939
198950
198954
198956
198971
198974
198978
198980
198985
198989
198994
198996
199001
199003
199004
199020
199021
199109
199110
199112
199127
199129
199130
199148
199154
199158
199159
199164
199175
199179
199181
199196
199199
199203
199205
199210
199214
199219
199221
199226
199228
199229
199245
199246
199334
199335
199337
199352
199354
199355
199373
199379
199383
199384
199389
199400
199404
199406
199421
199424
199428
199430
199435
199439
199444
199446
199451
199453
199454
199470
199471
199559
199560
199562
199577
199579
199580
199598
199604
199608
199609
199614
199625
199629
199631
199646
199649
199653
199655
199660
199664
199669
199671
199676
199678
199679
199695
199696
199784
199785
199787
199802
199804
199805
199823
199829
199833
199834
199839
199850
199854
199856
199871
199874
199878
199880
199885
199889
199894
199896
199901
199903
199904
199920
199921
200009
200010
200012
200027
200029
200030
200048
200054
200058
200059
200064
200075
200079
200081
200096
200099
200103
200105
200110
200114
200119
200121
200126
200128
200129
200145
200146
200234
200235
200237
200252
200254
200255
200273
200279
200283
200284
200289
200300
200304
200306
200321
200324
200328
200330
200335
200339
200344
200346
200351
200353
200354
200370
200371
200459
200460
200462
200477
200479
200480
200498
200504
200508
200509
200514
200525
200529
200531
200546
200548
200552
200555
200560
200564
200569
200570
200574
200576
200578
200579
200588
200591
200595
200596
200599
200606
200609
200617
200624
200627
200635
200642
200645
200653
200660
200663
200671
200678
200681
200684
200685
200687
200696
200699
200702
200704
200705
200714
200717
200723
200729
200733
200734
200736
200738
200750
200753
200755
200908
200917
200921
200931
200939
200942
200950
200957
200960
200968
200975
200978
200986
200993
200996
201004
201011
201014
201022
201029
201032
201040
201047
201050
201058
201065
201068
201076
201083
201086
201096
201104
201107
201116
201125
201127
201144
201145
201151
201153
201155
201159
201161
201162
201167
201171
201381
201395
201399
201401
201407
201409
201411
201415
201435
201451
201452
201457
201459
201461
201464
201466
201467
201543
201557
201560
201562
201569
201574
201591
201607
201608
201613
201615
201617
201620
201622
201623
201699
201713
201716
201718
201725
201730
201747
201763
201764
201769
201771
201773
201776
201778
201779
201855
201869
201872
201874
201881
201886
201903
201919
201920
201925
201927
201929
201932
201934
201935
202011
202025
202028
202030
202037
202042
202059
202075
202076
202081
202083
202085
202088
202090
202091
202167
202181
202184
202186
202193
202198
202215
202231
202232
202237
202239
202241
202244
202246
202247
202323
202337
202340
202342
202349
202354
202371
202387
202388
202393
202395
202397
202400
202402
202403
202479
202493
202496
202498
202505
202510
202527
202543
202544
202549
202551
202553
202556
202558
202559
202635
202649
202652
202654
202661
202666
202683
202699
202700
202705
202707
202709
202712
202714
202715
202791
202805
202808
202810
202817
202822
202839
202855
202856
202861
202863
202865
202868
202870
202871
202947
202961
202964
202966
202973
202978
202995
203011
203012
203017
203018
203021
203024
203026
203027
203037
203040
203047
203054
203057
203065
203072
203075
203084
203093
203096
203105
203114
203117
203126
203135
203138
203147
203156
203159
203168
203177
203180
203189
203198
203201
203210
203219
203222
203231
203240
203243
203251
203258
203261
203268
203269
203276
203279
203282
203285
203287
203294
203298
203299
203301
203315
203524
203533
203537
203547
203555
203558
203566
203573
203576
203584
203591
203594
203602
203609
203612
203620
203627
203630
203638
203645
203648
203656
203663
203666
203674
203681
203684
203692
203699
203702
203710
203717
203720
203728
203735
203738
203746
203753
203756
203764
203771
203774
203784
203792
203795
203813
203815
203819
203826
203830
203837
203838
203840
203847
203848
204116
204117
204119
204138
204144
204146
204148
204151
204155
204158
204164
204168
204174
204176
204183
204184
204239
204240
204242
204260
204266
204269
204271
204275
204278
204284
204288
204294
204296
204303
204304
204359
204360
204362
204380
204386
204389
204391
204395
204398
204404
204408
204414
204416
204423
204424
204479
204480
204482
204500
204506
204509
204511
204515
204518
204524
204528
204534
204536
204543
204544
204599
204600
204602
204620
204626
204629
204631
204635
204638
204644
204648
204654
204656
204663
204664
204719
204720
204722
204740
204746
204749
204751
204755
204758
204764
204768
204774
204776
204783
204784
204839
204840
204842
204860
204866
204869
204871
204875
204878
204884
204888
204894
204896
204903
204904
204959
204960
204962
204980
204986
204989
204991
204995
204998
205004
205008
205014
205016
205023
205024
205079
205080
205082
205100
205106
205109
205111
205115
205118
205124
205128
205134
205136
205143
205144
205199
205200
205202
205220
205226
205229
205231
205235
205238
205244
205248
205254
205256
205263
205264
205319
205320
205322
205340
205346
205349
205351
205355
205358
205364
205368
205374
205375
205380
205383
205384
205387
205394
205397
205405
205412
205415
205424
205433
205436
205445
205454
205457
205466
205475
205478
205487
205496
205499
205508
205517
205520
205529
205538
205541
205550
205559
205562
205571
205580
205583
205592
205601
205604
205613
205622
205625
205634
205643
205646
205655
205664
205667
205675
205682
205685
205688
205689
205691
205700
205703
205709
205715
205718
205720
205722
205723
205990
205999
206003
206011
206018
206021
206029
206036
206039
206047
206054
206057
206065
206072
206075
206083
206090
206093
206101
206108
206111
206119
206126
206129
206137
206144
206147
206155
206162
206165
206173
206180
206183
206191
206198
206201
206209
206216
206219
206227
206234
206237
206245
206252
206255
206263
206270
206273
206281
206288
206291
206300
206309
206311
206315
206322
206323
206326
206333
206334
206336
206652
206670
206676
206678
206680
206683
206687
206690
206696
206697
206700
206706
206708
206737
206756
206762
206765
206767
206771
206774
206780
206781
206784
206790
206792
206821
206840
206846
206849
206851
206855
206858
206864
206865
206868
206874
206876
206905
206924
206930
206933
206935
206939
206942
206948
206949
206952
206958
206960
206989
207008
207014
207017
207019
207023
207026
207032
207033
207036
207042
207044
207073
207092
207098
207101
207103
207107
207110
207116
207117
207120
207126
207128
207157
207176
207182
207185
207187
207191
207194
207200
207201
207204
207210
207212
207241
207260
207266
207269
207271
207275
207278
207284
207285
207288
207294
207296
207325
207344
207350
207353
207355
207359
207362
207368
207369
207372
207378
207380
207409
207428
207434
207437
207439
207443
207446
207452
207453
207456
207462
207464
207493
207512
207518
207521
207523
207527
207530
207536
207537
207540
207546
207547
207552
207559
207566
207569
207578
207587
207590
207599
207608
207611
207620
207629
207632
207641
207650
207653
207662
207671
207674
207683
207692
207695
207704
207713
207716
207725
207734
207737
207746
207755
207758
207767
207776
207779
207788
207797
207800
207809
207818
207821
207830
207839
207842
207851
207860
207863
207872
207881
207884
207893
207902
207905
207912
207913
207920
207923
207929
207935
207938
207940
207942
207943
208234
208243
208247
208255
208262
208265
208273
208280
208283
208291
208298
208301
208309
208316
208319
208327
208334
208337
208345
208352
208355
208363
208370
208373
208381
208388
208391
208399
208406
208409
208417
208424
208427
208435
208442
208445
208453
208460
208463
208471
208478
208481
208489
208496
208499
208507
208514
208517
208525
208532
208535
208543
208550
208553
208561
208568
208571
208580
208589
208591
208595
208602
208603
208606
208613
208614
208616
208968
208986
208992
208994
208996
208999
209003
209006
209012
209013
209016
209022
209024
209053
209072
209078
209081
209083
209087
209090
209096
209097
209100
209106
209108
209137
209156
209162
209165
209167
209171
209174
209180
209181
209184
209190
209192
209221
209240
209246
209249
209251
209255
209258
209264
209265
209268
209274
209276
209371
209390
209396
209399
209401
209405
209408
209414
209415
209418
209424
209426
209515
209534
209540
209543
209545
209549
209552
209558
209559
209562
209568
209570
209659
209678
209684
209687
209689
209693
209696
209702
209703
209706
209712
209714
209800
209819
209825
209828
209830
209834
209837
209843
209844
209847
209853
209855
209884
209903
209909
209912
209914
209918
209921
209927
209928
209931
209937
209939
209968
209987
209993
209996
209998
210002
210005
210011
210012
210015
210021
210023
210052
210071
210077
210080
210082
210086
210089
210095
210096
210099
210105
210106
210111
210118
210125
210128
210137
210146
210149
210158
210167
210170
210179
210188
210191
210200
210209
210212
210221
210230
210233
210242
210251
210254
210263
210272
210275
210284
210293
210296
210305
210314
210317
210326
210335
210338
210347
210356
210359
210368
210377
210380
210389
210398
210401
210410
210419
210422
210431
210440
210443
210452
210461
210464
210473
210482
210485
210494
210503
210506
210513
210514
210521
210524
210530
210536
210539
210541
210543
210544
210865
210874
210878
210886
210893
210896
210904
210911
210914
210922
210929
210932
210940
210947
210950
210958
210965
210968
210976
210983
210986
210994
211001
211004
211012
211019
211022
211030
211037
211040
211048
211055
211058
211066
211073
211076
211084
211091
211094
211102
211109
211112
211120
211127
211130
211138
211145
211148
211156
211163
211166
211174
211181
211184
211192
211199
211202
211210
211217
211220
211228
211235
211238
211247
211256
211258
211262
211269
211270
211273
211280
211281
211671
211689
211695
211697
211702
211709
211715
211716
211719
211725
211756
211775
211781
211786
211793
211799
211800
211803
211809
211858
211877
211883
211888
211895
211901
211902
211905
211911
211973
211992
211998
212003
212010
212016
212017
212020
212026
212114
212133
212139
212144
212151
212157
212158
212161
212167
212252
212271
212277
212282
212289
212295
212296
212299
212305
212390
212409
212415
212420
212427
212433
212434
212437
212443
212527
212546
212552
212557
212564
212570
212571
212574
212580
212641
212660
212666
212671
212678
212684
212685
212688
212694
212743
212762
212768
212773
212780
212786
212787
212790
212796
212827
212846
212852
212857
212864
212870
212871
212874
212880
212886
212893
212900
212903
212912
212921
212924
212933
212942
212945
212954
212963
212966
212975
212984
212987
212996
213005
213008
213017
213026
213029
213038
213047
213050
213059
213068
213071
213080
213089
213092
213101
213110
213113
213122
213131
213134
213143
213152
213155
213164
213173
213176
213185
213194
213197
213206
213215
213218
213227
213236
213239
213248
213257
213260
213269
213278
213281
213290
213299
213302
213311
213320
213323
213330
213331
213338
213341
213347
213353
213358
213360
213712
213721
213725
213733
213740
213743
213751
213758
213761
213769
213776
213779
213787
213794
213797
213805
213812
213815
213823
213830
213833
213841
213848
213851
213859
213866
213869
213877
213884
213887
213895
213902
213905
213913
213920
213923
213931
213938
213941
213949
213956
213959
213967
213974
213977
213985
213992
213995
214003
214010
214013
214021
214028
214031
214039
214046
214049
214057
214064
214067
214075
214082
214085
214093
214100
214103
214111
214118
214121
214139
214141
214159
214160
214165
214167
214170
214171
214583
214584
214586
214592
214597
214618
214634
214635
214639
214641
214644
214645
214661
214662
214665
214672
214678
214696
214712
214713
214717
214719
214722
214723
214757
214758
214761
214768
214774
214792
214808
214809
214813
214815
214818
214819
214863
214864
214867
214874
214880
214898
214914
214915
214919
214921
214924
214925
214998
214999
215002
215009
215015
215033
215049
215050
215054
215056
215059
215060
215130
215131
215134
215141
215147
215165
215181
215182
215186
215188
215191
215192
215262
215263
215266
215273
215279
215297
215313
215314
215318
215320
215323
215324
215393
215394
215397
215404
215410
215428
215444
215445
215449
215451
215454
215455
215498
215499
215502
215509
215515
215533
215549
215550
215554
215556
215559
215560
215594
215595
215598
215605
215611
215629
215645
215646
215650
215652
215655
215656
215672
215673
215676
215683
215689
215707
215723
215724
215728
215729
215733
215734
215737
215744
215747
215756
215765
215768
215777
215786
215789
215798
215807
215810
215819
215828
215831
215840
215849
215852
215861
215870
215873
215882
215891
215894
215903
215912
215915
215924
215933
215936
215945
215954
215957
215966
215975
215978
215987
215996
215999
216008
216017
216020
216029
216038
216041
216050
216059
216062
216071
216080
216083
216092
216101
216104
216113
216122
216125
216134
216143
216146
216155
216164
216167
216176
216185
216188
216197
216206
216209
216212
216213
216215
216221
216224
216226
216227
216243
216623
216631
216635
216643
216650
216653
216661
216668
216671
216679
216686
216689
216697
216704
216707
216715
216722
216725
216733
216740
216743
216751
216758
216761
216769
216776
216779
216787
216794
216797
216805
216812
216815
216823
216830
216833
216841
216848
216851
216859
216866
216869
216877
216884
216887
216895
216902
216905
216913
216920
216923
216931
216938
216941
216949
216956
216959
216967
216974
216977
216985
216992
216995
217003
217010
217013
217021
217028
217031
217038
217046
217048
217053
217054
217060
217067
217068
217070
217510
217515
217517
217519
217522
217526
217530
217536
217542
217544
217590
217595
217598
217600
217604
217608
217614
217620
217622
217686
217691
217694
217696
217700
217704
217710
217716
217718
217792
217797
217800
217802
217806
217810
217816
217822
217824
217927
217932
217935
217937
217941
217945
217951
217957
217959
218059
218064
218067
218069
218073
218077
218083
218089
218091
218191
218196
218199
218201
218205
218209
218215
218221
218223
218322
218327
218330
218332
218336
218340
218346
218352
218354
218427
218432
218435
218437
218441
218445
218451
218457
218459
218523
218528
218531
218533
218537
218541
218547
218553
218555
218601
218606
218609
218611
218615
218619
218624
218625
218631
218632
218637
218644
218651
218654
218663
218672
218675
218684
218693
218696
218705
218714
218717
218726
218735
218738
218747
218756
218759
218768
218777
218780
218789
218798
218801
218810
218819
218822
218831
218840
218843
218852
218861
218864
218873
218882
218885
218894
218903
218906
218915
218924
218927
218936
218945
218948
218957
218966
218969
218978
218987
218990
218999
219008
219011
219020
219029
219032
219041
219050
219053
219062
219071
219074
219083
219092
219095
219104
219113
219116
219124
219131
219134
219138
219143
219146
219148
219150
219151
219526
219535
219539
219547
219554
219557
219565
219572
219575
219583
219590
219593
219601
219608
219611
219619
219626
219629
219637
219644
219647
219655
219662
219665
219673
219680
219683
219691
219698
219701
219709
219716
219719
219727
219734
219737
219745
219752
219755
219763
219770
219773
219781
219788
219791
219799
219806
219809
219817
219824
219827
219835
219842
219845
219853
219860
219863
219871
219878
219881
219889
219896
219899
219907
219914
219917
219925
219932
219935
219943
219950
219953
219961
219968
219971
219980
219989
219991
220002
220009
220015
220473
220478
220483
220514
220520
220525
220552
220558
220564
220592
220598
220603
220648
220654
220660
220688
220694
220699
220754
220760
220766
220794
220800
220805
220889
220895
220901
220929
220935
220940
221021
221027
221033
221061
221067
221072
221150
221156
221162
221190
221196
221201
221281
221287
221293
221321
221327
221332
221386
221392
221398
221426
221432
221437
221482
221488
221494
221522
221528
221533
221560
221566
221572
221600
221606
221611
221620
221627
221630
221639
221648
221651
221660
221669
221672
221681
221690
221693
221702
221711
221714
221723
221732
221735
221744
221753
221756
221765
221774
221777
221786
221795
221798
221807
221816
221819
221828
221837
221840
221849
221858
221861
221870
221879
221882
221891
221900
221903
221912
221921
221924
221933
221942
221945
221954
221963
221966
221975
221984
221987
221996
222005
222008
222017
222026
222029
222038
222047
222050
222059
222068
222071
222080
222089
222092
222101
222110
222113
222122
222131
222134
222141
222142
222146
222149
222151
222152
222578
222586
222590
222598
222605
222608
222616
222623
222626
222634
222641
222644
222652
222659
222662
222670
222677
222680
222688
222695
222698
222706
222713
222716
222724
222731
222734
222742
222749
222752
222760
222767
222770
222778
222785
222788
222796
222803
222806
222814
222821
222824
222832
222839
222842
222850
222857
222860
222868
222875
222878
222886
222893
222896
222904
222911
222914
222922
222929
222932
222940
222947
222950
222958
222965
222968
222976
222983
222986
222994
223001
223004
223012
223019
223022
223029
223037
223039
223043
223048
223049
223051
223058
223059
223521
223538
223542
223544
223549
223556
223560
223561
223563
223569
223600
223618
223622
223627
223634
223638
223639
223641
223647
223696
223714
223718
223723
223730
223734
223735
223737
223743
223802
223820
223824
223829
223836
223840
223841
223843
223849
223937
223955
223959
223964
223971
223975
223976
223978
223984
224057
224075
224079
224084
224091
224095
224096
224098
224104
224165
224183
224187
224192
224199
224203
224204
224206
224212
224296
224314
224318
224323
224330
224334
224335
224337
224343
224401
224419
224423
224428
224435
224439
224440
224442
224448
224497
224515
224519
224524
224531
224535
224536
224538
224544
224575
224593
224597
224602
224609
224613
224614
224616
224622
224628
224635
224642
224645
224654
224663
224666
224675
224684
224687
224696
224705
224708
224717
224726
224729
224738
224747
224750
224759
224768
224771
224780
224789
224792
224801
224810
224813
224822
224831
224834
224843
224852
224855
224864
224873
224876
224885
224894
224897
224906
224915
224918
224927
224936
224939
224948
224957
224960
224969
224978
224981
224990
224999
225002
225011
225020
225023
225032
225041
225044
225053
225062
225065
225074
225083
225086
225095
225104
225107
225116
225125
225128
225137
225146
225149
225156
225157
225164
225167
225172
225176
225181
225183
225588
225599
225607
225614
225617
225625
225632
225635
225643
225650
225653
225661
225668
225671
225679
225686
225689
225697
225704
225707
225715
225722
225725
225733
225740
225743
225751
225758
225761
225769
225776
225779
225787
225794
225797
225805
225812
225815
225823
225830
225833
225841
225848
225851
225859
225866
225869
225877
225884
225887
225895
225902
225905
225913
225920
225923
225931
225938
225941
225949
225956
225959
225967
225974
225977
225985
225992
225995
226003
226010
226013
226021
226028
226031
226039
226046
226049
226057
226064
226067
226083
226110
226115
226120
226596
226601
226606
226653
226658
226663
226671
226677
226683
226731
226736
226741
226764
226770
226776
226824
226829
226834
226869
226875
226881
226929
226934
226939
226992
226998
227004
227052
227057
227062
227070
227076
227082
227130
227135
227140
227148
227154
227160
227208
227213
227218
227276
227282
227288
227336
227341
227346
227379
227385
227391
227439
227444
227449
227472
227478
227484
227532
227537
227542
227550
227556
227562
227607
227611
227612
227617
227621
227630
227639
227642
227651
227660
227663
227672
227681
227684
227693
227702
227705
227714
227723
227726
227735
227744
227747
227756
227765
227768
227777
227786
227789
227798
227807
227810
227819
227828
227831
227840
227849
227852
227861
227870
227873
227882
227891
227894
227903
227912
227915
227924
227933
227936
227945
227954
227957
227966
227975
227978
227987
227996
227999
228008
228017
228020
228029
228038
228041
228050
228059
228062
228071
228080
228083
228092
228101
228104
228113
228122
228125
228134
228143
228146
228155
228164
228167
228171
228176
228181
228182
228632
228640
228644
228652
228659
228662
228670
228677
228680
228688
228695
228698
228706
228713
228716
228724
228731
228734
228742
228749
228752
228760
228767
228770
228778
228785
228788
228796
228803
228806
228814
228821
228824
228832
228839
228842
228850
228857
228860
228868
228875
228878
228886
228893
228896
228904
228911
228914
228922
228929
228932
228940
228947
228950
228958
228965
228968
228976
228983
228986
228994
229001
229004
229012
229019
229022
229030
229037
229040
229048
229055
229058
229066
229073
229076
229084
229091
229094
229102
229109
229112
229127
229129
229144
229150
229155
229156
229640
229641
229643
229649
229654
229685
229690
229695
229696
229712
229713
229716
229723
229729
229757
229762
229767
229768
229784
229785
229788
229795
229801
229829
229834
229839
229840
229856
229857
229860
229867
229873
229901
229906
229911
229912
229970
229971
229974
229981
229987
230015
230020
230025
230026
230048
230049
230052
230059
230065
230093
230098
230103
230104
230138
230139
230142
230149
230155
230183
230188
230193
230194
230246
230247
230250
230257
230263
230291
230296
230301
230302
230318
230319
230322
230329
230335
230363
230368
230373
230374
230390
230391
230394
230401
230407
230435
230440
230445
230446
230462
230463
230466
230473
230479
230507
230512
230517
230518
230521
230528
230531
230540
230549
230552
230561
230570
230573
230582
230591
230594
230603
230612
230615
230624
230633
230636
230645
230654
230657
230666
230675
230678
230687
230696
230699
230708
230717
230720
230729
230738
230741
230750
230759
230762
230771
230780
230783
230792
230801
230804
230813
230822
230825
230834
230843
230846
230855
230864
230867
230876
230885
230888
230897
230906
230909
230918
230927
230930
230939
230948
230951
230960
230969
230972
230981
230990
230993
231002
231011
231014
231023
231032
231035
231044
231053
231056
231065
231074
231077
231080
231081
231083
231089
231092
231094
231095
231542
231550
231554
231562
231569
231572
231580
231587
231590
231598
231605
231608
231616
231623
231626
231634
231641
231644
231652
231659
231662
231670
231677
231680
231688
231695
231698
231706
231713
231716
231724
231731
231734
231742
231749
231752
231760
231767
231770
231778
231785
231788
231796
231803
231806
231814
231821
231824
231832
231839
231842
231850
231857
231860
231868
231875
231878
231886
231893
231896
231904
231911
231914
231922
231929
231932
231940
231947
231950
231958
231965
231968
231976
231983
231986
231994
232001
232004
232012
232019
232022
232029
232037
232039
232048
232054
232060
232554
232559
232564
232590
232595
232600
232627
232633
232639
232662
232667
232672
232699
232705
232711
232734
232739
232744
232942
232948
232954
232977
232982
232987
233452
233458
233464
233487
233492
233497
233797
233803
233809
233832
233837
233842
234181
234187
234193
234216
234221
234226
234658
234664
234670
234693
234698
234703
234730
234736
234742
234765
234770
234775
234802
234808
234814
234837
234842
234847
234874
234880
234886
234909
234914
234919
234928
234935
234938
234947
234956
234959
234968
234977
234980
234989
234998
235001
235010
235019
235022
235031
235040
235043
235052
235061
235064
235073
235082
235085
235094
235103
235106
235115
235124
235127
235136
235145
235148
235157
235166
235169
235178
235187
235190
235199
235208
235211
235220
235229
235232
235241
235250
235253
235262
235271
235274
235283
235292
235295
235304
235313
235316
235325
235334
235337
235346
235355
235358
235367
235376
235379
235388
235397
235400
235409
235418
235421
235430
235439
235442
235451
235460
235463
235472
235481
235484
235491
235492
235496
235499
235501
235502
235949
235957
235961
235969
235976
235979
235987
235994
235997
236005
236012
236015
236023
236030
236033
236041
236048
236051
236059
236066
236069
236077
236084
236087
236095
236102
236105
236113
236120
236123
236131
236138
236141
236149
236156
236159
236167
236174
236177
236185
236192
236195
236203
236210
236213
236221
236228
236231
236239
236246
236249
236257
236264
236267
236275
236282
236285
236293
236300
236303
236311
236318
236321
236329
236336
236339
236347
236354
236357
236365
236372
236375
236383
236390
236393
236401
236408
236411
236419
236426
236429
236436
236444
236446
236455
236461
236467
236961
236966
236971
236997
237002
237007
237034
237040
237046
237069
237074
237079
237244
237250
237256
237279
237284
237289
237343
237349
237355
237378
237383
237388
237548
237554
237560
237583
237588
237593
237681
237687
237693
237716
237721
237726
237841
237847
237853
237876
237881
237886
238022
238028
238034
238057
238062
238067
238094
238100
238106
238129
238134
238139
238481
238487
238493
238516
238521
238526
238553
238559
238565
238588
238593
238598
238607
238614
238617
238626
238635
238638
238647
238656
238659
238668
238677
238680
238689
238698
238701
238710
238719
238722
238731
238740
238743
238752
238761
238764
238773
238782
238785
238794
238803
238806
238815
238824
238827
238836
238845
238848
238857
238866
238869
238878
238887
238890
238899
238908
238911
238920
238929
238932
238941
238950
238953
238962
238971
238974
238983
238992
238995
239004
239013
239016
239025
239034
239037
239046
239055
239058
239067
239076
239079
239088
239097
239100
239109
239118
239121
239130
239139
239142
239151
239160
239163
239170
239171
239175
239178
239180
239181
239628
239636
239640
239648
239655
239658
239666
239673
239676
239684
239691
239694
239702
239709
239712
239720
239727
239730
239738
239745
239748
239756
239763
239766
239774
239781
239784
239792
239799
239802
239810
239817
239820
239828
239835
239838
239846
239853
239856
239864
239871
239874
239882
239889
239892
239900
239907
239910
239918
239925
239928
239936
239943
239946
239954
239961
239964
239972
239979
239982
239990
239997
240000
240008
240015
240018
240026
240033
240036
240044
240051
240054
240062
240069
240072
240080
240087
240090
240098
240105
240108
240115
240123
240125
240134
240140
240146
240640
240645
240650
240676
240681
240686
240713
240719
240725
240748
240753
240758
240872
240878
240884
240907
240912
240917
240944
240950
240956
240979
240984
240989
241243
241249
241255
241278
241283
241288
241458
241464
241470
241493
241498
241503
241700
241706
241712
241735
241740
241745
241963
241969
241975
241998
242003
242008
242035
242041
242047
242070
242075
242080
242287
242293
242299
242322
242327
242332
242359
242365
242371
242394
242399
242404
242413
242420
242423
242432
242441
242444
242453
242462
242465
242474
242483
242486
242495
242504
242507
242516
242525
242528
242537
242546
242549
242558
242567
242570
242579
242588
242591
242600
242609
242612
242621
242630
242633
242642
242651
242654
242663
242672
242675
242684
242693
242696
242705
242714
242717
242726
242735
242738
242747
242756
242759
242768
242777
242780
242789
242798
242801
242810
242819
242822
242831
242840
242843
242852
242861
242864
242873
242882
242885
242894
242903
242906
242915
242924
242927
242936
242945
242948
242957
242966
242969
242976
242977
242981
242984
242986
242987
243434
243442
243446
243454
243461
243464
243472
243479
243482
243490
243497
243500
243508
243515
243518
243526
243533
243536
243544
243551
243554
243562
243569
243572
243580
243587
243590
243598
243605
243608
243616
243623
243626
243634
243641
243644
243652
243659
243662
243670
243677
243680
243688
243695
243698
243706
243713
243716
243724
243731
243734
243742
243749
243752
243760
243767
243770
243778
243785
243788
243796
243803
243806
243814
243821
243824
243832
243839
243842
243850
243857
243860
243868
243875
243878
243886
243893
243896
243904
243911
243914
243921
243929
243931
243940
243946
243952
244446
244451
244456
244482
244487
244492
244519
244525
244531
244554
244559
244564
244591
244597
244603
244626
244631
244636
244663
244669
244675
244698
244703
244708
245146
245152
245158
245181
245186
245191
245453
245459
245465
245488
245493
245498
245797
245803
245809
245832
245837
245842
246226
246232
246238
246261
246266
246271
246298
246304
246310
246333
246338
246343
246370
246376
246382
246405
246410
246415
246442
246448
246454
246477
246482
246487
246496
246503
246506
246515
246524
246527
246536
246545
246548
246557
246566
246569
246578
246587
246590
246599
246608
246611
246620
246629
246632
246641
246650
246653
246662
246671
246674
246683
246692
246695
246704
246713
246716
246725
246734
246737
246746
246755
246758
246767
246776
246779
246788
246797
246800
246809
246818
246821
246830
246839
246842
246851
246860
246863
246872
246881
246884
246893
246902
246905
246914
246923
246926
246935
246944
246947
246956
246965
246968
246977
246986
246989
246998
247007
247010
247019
247028
247031
247040
247049
247052
247059
247060
247064
247067
247069
247070
247517
247529
247537
247544
247547
247555
247562
247565
247573
247580
247583
247591
247598
247601
247609
247616
247619
247627
247634
247637
247645
247652
247655
247663
247670
247673
247681
247688
247691
247699
247706
247709
247717
247724
247727
247735
247742
247745
247753
247760
247763
247771
247778
247781
247789
247796
247799
247807
247814
247817
247825
247832
247835
247843
247850
247853
247861
247868
247871
247879
247886
247889
247897
247904
247907
247915
247922
247925
247933
247940
247943
247951
247958
247961
247969
247976
247979
247987
247994
247997
248004
248012
248023
248041
248045
248050
248525
248528
248529
248531
248536
248565
248581
248585
248590
248597
248601
248602
248604
248610
248637
248653
248657
248662
248669
248673
248674
248676
248682
248709
248725
248729
248734
248741
248745
248746
248748
248754
248781
248797
248801
248806
248855
248859
248860
248862
248868
248895
248911
248915
248920
248931
248935
248936
248938
248944
248971
248987
248991
248996
249017
249021
249022
249024
249030
249057
249073
249077
249082
249125
249129
249130
249132
249138
249165
249181
249185
249190
249197
249201
249202
249204
249210
249237
249253
249257
249262
249290
249294
249295
249297
249303
249330
249346
249350
249355
249362
249366
249367
249369
249375
249402
249418
249421
249422
249427
249431
249440
249449
249452
249461
249470
249473
249482
249491
249494
249503
249512
249515
249524
249533
249536
249545
249554
249557
249566
249575
249578
249587
249596
249599
249608
249617
249620
249629
249638
249641
249650
249659
249662
249671
249680
249683
249692
249701
249704
249713
249722
249725
249734
249743
249746
249755
249764
249767
249776
249785
249788
249797
249806
249809
249818
249827
249830
249839
249848
249851
249860
249869
249872
249881
249890
249893
249902
249911
249914
249923
249932
249935
249944
249953
249956
249965
249974
249977
249980
249983
249984
249985
249986
249991
249992
250441
250451
250459
250466
250469
250477
250484
250487
250495
250502
250505
250513
250520
250523
250531
250538
250541
250549
250556
250559
250567
250574
250577
250585
250592
250595
250603
250610
250613
250621
250628
250631
250639
250646
250649
250657
250664
250667
250675
250682
250685
250693
250700
250703
250711
250718
250721
250729
250736
250739
250747
250754
250757
250765
250772
250775
250783
250790
250793
250801
250808
250811
250819
250826
250829
250837
250844
250847
250855
250862
250865
250873
250880
250883
250891
250898
250901
250909
250916
250919
250932
250956
250961
250966
251442
251447
251452
251493
251498
251503
251511
251517
251523
251565
251570
251575
251583
251589
251595
251637
251642
251647
251686
251692
251698
251740
251745
251750
251806
251812
251818
251860
251865
251870
251878
251884
251890
251932
251937
251942
251950
251956
251962
252004
252009
252014
252073
252079
252085
252127
252132
252137
252145
252151
252157
252199
252204
252209
252256
252262
252268
252310
252315
252320
252328
252334
252340
252379
252383
252384
252389
252393
252402
252411
252414
252423
252432
252435
252444
252453
252456
252465
252474
252477
252486
252495
252498
252507
252516
252519
252528
252537
252540
252549
252558
252561
252570
252579
252582
252591
252600
252603
252612
252621
252624
252633
252642
252645
252654
252663
252666
252675
252684
252687
252696
252705
252708
252717
252726
252729
252738
252747
252750
252759
252768
252771
252780
252789
252792
252801
252810
252813
252822
252831
252834
252843
252852
252855
252864
252873
252876
252885
252894
252897
252906
252915
252918
252927
252936
252939
252943
252948
252953
252954
253395
253403
253407
253415
253422
253425
253433
253440
253443
253451
253458
253461
253469
253476
253479
253487
253494
253497
253505
253512
253515
253523
253530
253533
253541
253548
253551
253559
253566
253569
253577
253584
253587
253595
253602
253605
253613
253620
253623
253631
253638
253641
253649
253656
253659
253667
253674
253677
253685
253692
253695
253703
253710
253713
253721
253728
253731
253739
253746
253749
253757
253764
253767
253775
253782
253785
253793
253800
253803
253811
253818
253821
253829
253836
253839
253846
253854
253856
253860
253861
253862
253865
253873
253880
254343
254348
254354
254355
254373
254374
254377
254384
254390
254429
254435
254440
254441
254457
254458
254461
254468
254474
254513
254519
254524
254525
254541
254542
254545
254552
254558
254625
254631
254636
254637
254653
254654
254657
254664
254670
254766
254772
254777
254778
254794
254795
254798
254805
254811
254904
254910
254915
254916
254932
254933
254936
254943
254949
255042
255048
255053
255054
255070
255071
255074
255081
255087
255177
255183
255188
255189
255205
255206
255209
255216
255222
255261
255267
255272
255273
255289
255290
255293
255300
255306
255384
255390
255395
255396
255412
255413
255416
255423
255429
255468
255474
255479
255480
255496
255497
255500
255502
255507
255513
255522
255529
255532
255541
255550
255553
255562
255571
255574
255583
255592
255595
255604
255613
255616
255625
255634
255637
255646
255655
255658
255667
255676
255679
255688
255697
255700
255709
255718
255721
255730
255739
255742
255751
255760
255763
255772
255781
255784
255793
255802
255805
255814
255823
255826
255835
255844
255847
255856
255865
255868
255877
255886
255889
255898
255907
255910
255919
255928
255931
255940
255949
255952
255961
255970
255973
255982
255991
255994
256003
256012
256015
256024
256033
256036
256044
256048
256051
256053
256054
256058
256059
256474
256482
256486
256494
256501
256504
256512
256519
256522
256530
256537
256540
256548
256555
256558
256566
256573
256576
256584
256591
256594
256602
256609
256612
256620
256627
256630
256638
256645
256648
256656
256663
256666
256674
256681
256684
256692
256699
256702
256710
256717
256720
256728
256735
256738
256746
256753
256756
256764
256771
256774
256782
256789
256792
256800
256807
256810
256818
256825
256828
256836
256843
256846
256854
256861
256864
256872
256879
256882
256890
256897
256900
256908
256915
256918
256925
256933
256935
256944
256950
256956
256973
257414
257419
257420
257424
257426
257450
257455
257460
257477
257487
257493
257494
257499
257501
257522
257527
257532
257549
257559
257565
257566
257571
257573
257594
257599
257604
257621
257694
257700
257701
257706
257708
257729
257734
257739
257756
257820
257826
257827
257832
257834
257855
257860
257865
257882
257946
257952
257953
257958
257960
257981
257986
257991
258008
258072
258078
258079
258084
258086
258107
258112
258117
258134
258195
258201
258202
258207
258209
258230
258235
258240
258257
258267
258273
258274
258279
258281
258302
258307
258312
258329
258378
258384
258385
258390
258392
258413
258418
258423
258440
258450
258456
258457
258462
258464
258485
258490
258495
258504
258511
258512
258514
258523
258532
258535
258544
258553
258556
258565
258574
258577
258586
258595
258598
258607
258616
258619
258628
258637
258640
258649
258658
258661
258670
258679
258682
258691
258700
258703
258712
258721
258724
258733
258742
258745
258754
258763
258766
258775
258784
258787
258796
258805
258808
258817
258826
258829
258838
258847
258850
258859
258868
258871
258880
258889
258892
258901
258910
258913
258922
258931
258934
258943
258952
258955
258964
258973
258976
258985
258994
258997
259006
259015
259018
259025
259026
259030
259031
259033
259035
259036
259037
259453
259461
259465
259473
259480
259483
259491
259498
259501
259509
259516
259519
259527
259534
259537
259545
259552
259555
259563
259570
259573
259581
259588
259591
259599
259606
259609
259617
259624
259627
259635
259642
259645
259653
259660
259663
259671
259678
259681
259689
259696
259699
259707
259714
259717
259725
259732
259735
259743
259750
259753
259761
259768
259771
259779
259786
259789
259797
259804
259807
259815
259822
259825
259833
259840
259843
259851
259858
259861
259868
259876
259878
259883
259884
259890
259896
259897
259898
259904
260340
260345
260347
260352
260354
260360
260366
260371
260372
260378
260426
260431
260436
260438
260444
260450
260455
260456
260462
260510
260515
260520
260522
260528
260534
260539
260540
260546
260654
260659
260664
260666
260672
260678
260683
260684
260690
260792
260797
260802
260804
260810
260816
260821
260822
260828
260930
260935
260940
260942
260948
260954
260959
260960
260966
261068
261073
261078
261080
261086
261092
261097
261098
261104
261203
261208
261213
261215
261221
261227
261232
261233
261239
261287
261292
261297
261299
261305
261311
261316
261317
261323
261410
261415
261420
261422
261428
261434
261439
261440
261446
261494
261499
261504
261506
261512
261517
261518
261523
261524
261529
261530
261537
261544
261547
261556
261565
261568
261577
261586
261589
261598
261607
261610
261619
261628
261631
261640
261649
261652
261661
261670
261673
261682
261691
261694
261703
261712
261715
261724
261733
261736
261745
261754
261757
261766
261775
261778
261787
261796
261799
261808
261817
261820
261829
261838
261841
261850
261859
261862
261871
261880
261883
261892
261901
261904
261913
261922
261925
261934
261943
261946
261955
261964
261967
261976
261985
261988
261997
262006
262009
262017
262024
262027
262031
262036
262041
262042
262043
262417
262429
262437
262444
262447
262455
262462
262465
262473
262480
262483
262491
262498
262501
262509
262516
262519
262527
262534
262537
262545
262552
262555
262563
262570
262573
262581
262588
262591
262599
262606
262609
262617
262624
262627
262635
262642
262645
262653
262660
262663
262671
262678
262681
262689
262696
262699
262707
262714
262717
262725
262732
262735
262743
262750
262753
262761
262768
262771
262779
262786
262789
262797
262804
262807
262815
262822
262825
262832
262840
262851
262869
262873
262878
263281
263284
263285
263287
263292
263321
263337
263341
263346
263353
263357
263358
263360
263366
263393
263409
263413
263418
263425
263429
263430
263432
263438
263465
263481
263485
263490
263557
263561
263562
263564
263570
263597
263613
263617
263622
263683
263687
263688
263690
263696
263723
263739
263743
263748
263809
263813
263814
263816
263822
263849
263865
263869
263874
263935
263939
263940
263942
263948
263975
263991
263995
264000
264058
264062
264063
264065
264071
264098
264114
264118
264123
264130
264134
264135
264137
264143
264170
264186
264190
264195
264241
264245
264246
264248
264254
264281
264297
264301
264306
264313
264317
264318
264320
264326
264353
264369
264372
264373
264378
264382
264391
264400
264403
264412
264421
264424
264433
264442
264445
264454
264463
264466
264475
264484
264487
264496
264505
264508
264517
264526
264529
264538
264547
264550
264559
264568
264571
264580
264589
264592
264601
264610
264613
264622
264631
264634
264643
264652
264655
264664
264673
264676
264685
264694
264697
264706
264715
264718
264727
264736
264739
264748
264757
264760
264769
264778
264781
264790
264799
264802
264811
264820
264823
264832
264841
264844
264847
264850
264851
264852
264853
264858
264859
265249
265257
265261
265269
265276
265279
265287
265294
265297
265305
265312
265315
265323
265330
265333
265341
265348
265351
265359
265366
265369
265377
265384
265387
265395
265402
265405
265413
265420
265423
265431
265438
265441
265449
265456
265459
265467
265474
265477
265485
265492
265495
265503
265510
265513
265521
265528
265531
265539
265546
265549
265557
265564
265567
265575
265582
265585
265593
265600
265603
265611
265618
265621
265628
265636
265638
265642
265643
265644
265647
265655
265662
265679
266053
266054
266058
266060
266064
266065
266083
266084
266087
266094
266100
266120
266139
266140
266145
266147
266150
266151
266167
266168
266171
266178
266184
266204
266223
266224
266229
266231
266234
266235
266251
266252
266255
266262
266268
266288
266366
266367
266372
266374
266377
266378
266394
266395
266398
266405
266411
266431
266504
266505
266510
266512
266515
266516
266532
266533
266536
266543
266549
266569
266642
266643
266648
266650
266653
266654
266670
266671
266674
266681
266687
266707
266780
266781
266786
266788
266791
266792
266808
266809
266812
266819
266825
266845
266915
266916
266921
266923
266926
266927
266943
266944
266947
266954
266960
266980
266999
267000
267005
267007
267010
267011
267027
267028
267031
267038
267044
267064
267119
267120
267125
267127
267130
267131
267147
267148
267151
267158
267164
267184
267203
267204
267209
267211
267214
267215
267231
267232
267235
267237
267242
267248
267257
267264
267265
267267
267276
267285
267288
267297
267306
267309
267318
267327
267330
267339
267348
267351
267360
267369
267372
267381
267390
267393
267402
267411
267414
267423
267432
267435
267444
267453
267456
267465
267474
267477
267486
267495
267498
267507
267516
267519
267528
267537
267540
267549
267558
267561
267570
267579
267582
267591
267600
267603
267612
267621
267624
267633
267642
267645
267654
267663
267666
267675
267684
267687
267695
267699
267700
267702
267704
267705
267706
267709
267710
268065
268073
268077
268085
268092
268095
268103
268110
268113
268121
268128
268131
268139
268146
268149
268157
268164
268167
268175
268182
268185
268193
268200
268203
268211
268218
268221
268229
268236
268239
268247
268254
268257
268265
268272
268275
268283
268290
268293
268301
268308
268311
268319
268326
268329
268337
268344
268347
268355
268362
268365
268373
268380
268383
268391
268398
268401
268408
268416
268418
268422
268423
268424
268427
268435
268442
268459
268797
268798
268802
268804
268808
268809
268827
268828
268831
268838
268844
268864
268883
268884
268889
268891
268894
268895
268911
268912
268915
268922
268928
268948
268967
268968
268973
268975
268978
268979
268995
268996
268999
269006
269012
269032
269081
269082
269087
269089
269092
269093
269109
269110
269113
269120
269126
269146
269219
269220
269225
269227
269230
269231
269247
269248
269251
269258
269264
269284
269354
269355
269360
269362
269365
269366
269382
269383
269386
269393
269399
269419
269489
269490
269495
269497
269500
269501
269517
269518
269521
269528
269534
269554
269621
269622
269627
269629
269632
269633
269649
269650
269653
269660
269666
269686
269705
269706
269711
269713
269716
269717
269733
269734
269737
269744
269750
269770
269804
269805
269810
269812
269815
269816
269832
269833
269836
269843
269849
269869
269888
269889
269894
269896
269899
269900
269916
269917
269920
269922
269927
269933
269942
269949
269950
269952
269961
269970
269973
269982
269991
269994
270003
270012
270015
270024
270033
270036
270045
270054
270057
270066
270075
270078
270087
270096
270099
270108
270117
270120
270129
270138
270141
270150
270159
270162
270171
270180
270183
270192
270201
270204
270213
270222
270225
270234
270243
270246
270255
270264
270267
270276
270285
270288
270297
270306
270309
270318
270327
270330
270338
270342
270343
270345
270347
270348
270349
270352
270353
270678
270686
270690
270698
270705
270708
270716
270723
270726
270734
270741
270744
270752
270759
270762
270770
270777
270780
270788
270795
270798
270806
270813
270816
270824
270831
270834
270842
270849
270852
270860
270867
270870
270878
270885
270888
270896
270903
270906
270914
270921
270924
270932
270939
270942
270950
270957
270960
270968
270975
270978
270985
270993
270995
270999
271000
271001
271004
271012
271019
271036
271338
271339
271343
271345
271349
271350
271368
271369
271372
271379
271385
271405
271424
271425
271430
271432
271435
271436
271452
271453
271456
271463
271469
271489
271508
271509
271514
271516
271519
271520
271536
271537
271540
271547
271553
271573
271592
271593
271598
271600
271603
271604
271620
271621
271624
271631
271637
271657
271676
271677
271682
271684
271687
271688
271704
271705
271708
271715
271721
271741
271760
271761
271766
271768
271771
271772
271788
271789
271792
271799
271805
271825
271844
271845
271850
271852
271855
271856
271872
271873
271876
271883
271889
271909
271928
271929
271934
271936
271939
271940
271956
271957
271960
271967
271973
271993
272012
272013
272018
272020
272023
272024
272040
272041
272044
272051
272057
272077
272096
272097
272102
272104
272107
272108
272124
272125
272128
272135
272141
272161
272180
272181
272186
272188
272191
272192
272208
272209
272212
272214
272219
272225
272234
272241
272242
272244
272253
272262
272265
272274
272283
272286
272295
272304
272307
272316
272325
272328
272337
272346
272349
272358
272367
272370
272379
272388
272391
272400
272409
272412
272421
272430
272433
272442
272451
272454
272463
272472
272475
272484
272493
272496
272505
272514
272517
272526
272535
272538
272547
272556
272559
272568
272577
272580
272588
272592
272593
272595
272597
272598
272599
272602
272603
272898
272910
272918
272925
272928
272936
272943
272946
272954
272961
272964
272972
272979
272982
272990
272997
273000
273008
273015
273018
273026
273033
273036
273044
273051
273054
273062
273069
273072
273080
273087
273090
273098
273105
273108
273116
273123
273126
273134
273141
273144
273152
273159
273162
273169
273177
273183
273184
273185
273188
273209
273213
273217
273218
273223
273477
273480
273483
273488
273490
273497
273498
273516
273517
273520
273540
273546
273550
273551
273556
273603
273608
273612
273617
273619
273625
273626
273642
273643
273646
273666
273672
273676
273677
273682
273729
273734
273738
273743
273745
273751
273752
273768
273769
273772
273792
273798
273802
273803
273808
273855
273860
273864
273869
273871
273877
273878
273894
273895
273898
273918
273924
273928
273929
273934
273981
273986
273990
273995
273997
274003
274004
274020
274021
274024
274044
274050
274054
274055
274060
274107
274112
274116
274121
274123
274129
274130
274146
274147
274150
274170
274176
274180
274181
274186
274233
274238
274242
274247
274249
274255
274256
274272
274273
274276
274296
274302
274306
274307
274312
274359
274364
274368
274373
274375
274381
274382
274398
274399
274402
274422
274428
274432
274433
274438
274485
274490
274494
274499
274501
274507
274508
274524
274525
274528
274548
274554
274558
274559
274564
274611
274616
274620
274625
274627
274633
274634
274650
274651
274654
274674
274680
274684
274685
274690
274737
274742
274746
274751
274753
274759
274760
274776
274777
274780
274782
274799
274802
274803
274807
274808
274812
274813
274820
274827
274830
274839
274848
274851
274860
274869
274872
274881
274890
274893
274902
274911
274914
274923
274932
274935
274944
274953
274956
274965
274974
274977
274986
274995
274998
275007
275016
275019
275028
275037
275040
275049
275058
275061
275070
275079
275082
275090
275097
275100
275103
275106
275108
275109
275114
275115
275116
275122
275123
275388
275396
275400
275408
275415
275418
275426
275433
275436
275444
275451
275454
275462
275469
275472
275480
275487
275490
275498
275505
275508
275516
275523
275526
275534
275541
275544
275552
275559
275562
275570
275577
275580
275587
275595
275597
275607
275622
275623
275625
275626
275633
275639
275653
275656
275659
275674
275833
275839
275850
275851
275854
275855
275857
275859
275860
275862
275863
275864
275903
275916
275918
275919
275925
275930
275947
275950
275953
275971
275991
275998
276012
276013
276016
276017
276019
276021
276023
276024
276025
276059
276072
276074
276075
276081
276086
276103
276106
276109
276127
276147
276154
276168
276169
276172
276173
276175
276177
276179
276180
276181
276215
276228
276230
276231
276237
276242
276259
276262
276265
276283
276303
276310
276324
276325
276328
276329
276331
276333
276335
276336
276337
276371
276384
276386
276387
276393
276398
276415
276418
276421
276439
276459
276466
276480
276481
276484
276485
276487
276489
276491
276492
276493
276527
276540
276542
276543
276549
276554
276571
276574
276577
276595
276615
276622
276636
276637
276640
276641
276643
276645
276647
276648
276649
276683
276696
276698
276699
276705
276710
276727
276730
276733
276751
276771
276778
276792
276793
276796
276797
276799
276801
276803
276804
276805
276839
276852
276854
276855
276861
276866
276883
276886
276889
276907
276927
276934
276948
276949
276952
276953
276955
276957
276959
276960
276961
276995
277008
277010
277011
277017
277022
277039
277042
277045
277063
277083
277090
277104
277105
277108
277109
277111
277113
277115
277116
277117
277151
277164
277166
277167
277173
277178
277195
277198
277201
277219
277239
277246
277260
277261
277264
277265
277267
277269
277271
277272
277273
277307
277320
277322
277323
277329
277334
277351
277354
277357
277375
277395
277402
277416
277417
277420
277421
277423
277425
277427
277428
277429
277463
277476
277478
277479
277481
277485
277490
277499
277504
277506
277507
277509
277510
277517
277524
277525
277527
277536
277545
277548
277557
277566
277569
277578
277587
277590
277599
277608
277611
277620
277629
277632
277641
277650
277653
277662
277671
277674
277683
277692
277695
277703
277708
277710
277713
277714
277721
277725
277726
277728
277729
277730
277731
277732
277734
277736
277737
277738
277739
277956
277973
277983
277991
277998
278001
278009
278016
278019
278027
278034
278037
278045
278052
278055
278063
278070
278080
278112
278113
278114
278116
278133
278135
278136
278153
278157
278161
278162
278167
278179
278182
278185
278197
278200
278203
278215
278218
278221
278233
278236
278239
278241
278244
278247
278252
278254
278259
278261
278262
278279
278280
278334
278335
278337
278352
278355
278357
278376
278382
278386
278387
278392
278407
278410
278413
278428
278431
278434
278449
278452
278455
278470
278473
278476
278478
278483
278487
278492
278494
278499
278502
278504
278521
278522
278571
278572
278574
278589
278592
278594
278613
278619
278623
278624
278629
278644
278647
278650
278665
278668
278671
278686
278689
278692
278707
278710
278713
278715
278720
278724
278729
278731
278736
278739
278741
278758
278759
278808
278809
278811
278826
278829
278831
278850
278856
278860
278861
278866
278881
278884
278887
278902
278905
278908
278923
278926
278929
278944
278947
278950
278952
278957
278961
278966
278968
278973
278976
278978
278995
278996
279045
279046
279048
279063
279066
279068
279087
279093
279097
279098
279103
279118
279121
279124
279139
279142
279145
279160
279163
279166
279181
279184
279187
279189
279194
279198
279203
279205
279210
279213
279215
279232
279233
279282
279283
279285
279300
279303
279305
279324
279330
279334
279335
279340
279355
279358
279361
279376
279379
279382
279397
279400
279403
279418
279421
279424
279426
279431
279435
279440
279442
279447
279450
279452
279469
279470
279519
279520
279522
279537
279540
279542
279561
279567
279571
279572
279577
279592
279595
279598
279613
279616
279619
279634
279637
279640
279655
279658
279661
279663
279668
279672
279677
279679
279684
279687
279689
279706
279707
279756
279757
279759
279774
279777
279779
279798
279804
279808
279809
279814
279829
279832
279835
279850
279853
279856
279871
279874
279877
279892
279895
279898
279900
279905
279909
279914
279916
279921
279924
279926
279943
279944
279993
279994
279996
280011
280014
280016
280035
280041
280045
280046
280051
280066
280069
280072
280087
280090
280093
280108
280111
280114
280129
280132
280135
280137
280142
280146
280151
280153
280158
280161
280163
280180
280181
280230
280231
280233
280248
280251
280253
280272
280278
280282
280283
280288
280303
280306
280309
280324
280327
280330
280345
280348
280351
280366
280369
280372
280374
280379
280383
280388
280390
280395
280398
280400
280417
280418
280467
280468
280470
280485
280488
280490
280509
280515
280519
280520
280525
280540
280543
280546
280561
280564
280567
280582
280585
280588
280603
280606
280609
280611
280616
280620
280625
280627
280632
280635
280637
280654
280655
280704
280705
280707
280709
280722
280724
280725
280727
280742
280745
280746
280750
280751
280755
280756
280763
280768
280770
280771
280773
280774
280781
280786
280788
280789
280791
280792
280799
280804
280806
280807
280809
280810
280817
280822
280824
280825
280827
280828
280830
280833
280835
280836
280841
280842
280843
280848
280850
280851
280853
280867
280868
)
;
    flipMap         List<bool> 
10320
(
1
1
1
0
0
0
0
0
0
0
0
0
0
0
1
1
1
1
1
0
0
0
0
0
0
1
1
1
1
1
0
0
0
0
0
0
1
1
1
1
1
0
0
0
0
0
0
1
1
1
1
1
0
0
0
0
0
0
1
1
1
1
1
0
0
0
0
0
0
1
1
1
1
1
0
0
0
0
0
0
1
1
1
1
1
0
0
0
0
0
0
1
1
1
1
1
0
0
0
0
0
0
1
1
1
1
1
0
0
0
0
0
0
1
1
1
1
1
0
0
0
0
0
0
1
1
1
1
1
0
0
0
0
0
0
1
1
1
1
1
1
1
1
0
0
0
0
0
0
0
0
0
0
0
0
0
0
0
0
1
1
1
0
0
0
0
1
1
1
0
0
0
0
1
1
1
0
0
0
0
1
1
1
0
0
0
0
1
1
1
0
0
0
0
1
1
1
0
0
0
0
1
1
1
0
0
0
0
1
1
1
0
0
0
0
1
1
1
0
0
0
0
1
1
1
0
0
0
0
1
1
1
0
0
0
0
1
1
1
1
1
1
1
1
1
1
1
1
1
1
1
1
0
0
0
0
0
0
0
0
0
0
0
0
0
0
0
0
0
1
1
1
0
0
1
1
1
0
0
1
1
1
0
0
1
1
1
0
0
1
1
1
0
0
1
1
1
0
0
1
1
1
0
0
1
1
1
0
0
1
1
1
0
0
1
1
1
0
0
1
1
1
0
0
1
1
1
1
1
1
1
1
1
1
1
1
1
1
1
1
0
0
0
0
0
0
0
0
0
0
0
0
0
0
0
0
0
0
0
0
1
1
0
0
1
1
0
0
1
1
0
0
1
1
0
0
1
1
0
0
1
1
0
0
1
1
0
0
1
1
0
0
1
1
0
0
1
1
0
0
1
1
0
0
1
1
1
1
1
1
1
1
1
1
1
1
1
1
1
1
1
1
1
1
0
0
0
0
0
0
0
0
0
0
0
0
0
0
0
0
0
0
0
0
0
0
1
1
0
0
1
1
0
0
1
1
0
0
1
1
0
0
1
1
0
0
1
1
0
0
1
1
0
0
1
1
0
0
1
1
0
0
1
1
0
0
1
1
0
0
1
1
1
1
1
1
1
1
1
1
1
1
1
1
1
1
1
1
1
1
1
1
0
0
0
0
0
0
0
0
0
0
0
0
0
0
0
0
0
0
0
0
0
0
0
0
1
1
0
0
1
1
0
0
1
1
0
0
1
1
0
0
1
1
0
0
1
1
0
0
1
1
0
0
1
1
0
0
1
1
0
0
1
1
0
0
1
1
0
0
1
1
1
1
1
1
1
1
1
1
1
1
1
1
1
1
1
1
1
1
1
1
1
1
1
1
0
0
0
0
0
0
0
0
0
0
0
0
0
0
0
0
0
0
0
0
0
0
0
0
1
1
0
1
1
0
1
1
0
1
1
0
1
1
0
1
1
0
1
1
0
1
1
0
1
1
0
1
1
0
1
1
0
1
1
1
1
1
1
1
1
1
1
1
1
1
1
1
1
1
1
1
1
1
1
1
1
0
0
0
0
0
0
0
0
0
0
0
0
0
0
0
0
0
0
0
0
0
0
0
0
0
0
0
1
0
0
1
0
0
1
0
0
1
0
0
1
0
0
1
0
0
1
0
0
1
0
0
1
0
0
1
0
0
1
0
0
1
1
1
1
1
1
1
1
1
1
1
1
1
1
1
1
1
1
1
1
1
1
1
1
1
0
0
0
0
0
0
0
0
0
0
0
0
0
0
0
0
0
0
0
0
0
0
0
0
0
0
0
0
1
0
0
1
0
0
1
0
0
1
0
0
1
0
0
1
0
0
1
0
0
1
0
0
1
0
0
1
0
0
1
0
0
1
1
1
1
1
1
1
1
1
1
1
1
1
1
1
1
1
1
1
1
1
1
1
1
1
1
1
0
0
0
0
0
0
0
0
0
0
0
0
0
0
0
0
0
0
0
0
0
0
0
0
0
0
0
1
1
0
1
1
0
1
1
0
1
1
0
1
1
0
1
1
0
1
1
0
1
1
0
1
1
0
1
1
0
1
1
0
1
1
1
1
1
1
1
1
1
1
1
1
1
1
1
1
1
1
1
1
1
1
1
1
1
1
1
1
1
0
0
0
0
0
0
0
0
0
0
0
0
0
0
0
0
0
0
0
0
0
0
0
0
0
0
0
0
1
0
1
0
1
0
1
0
1
0
1
0
1
0
1
0
1
0
1
0
1
0
1
1
1
1
1
1
1
1
1
1
1
1
1
1
1
1
1
1
1
1
1
1
1
1
1
1
1
1
1
0
0
0
0
0
0
0
0
0
0
0
0
0
0
0
0
0
0
0
0
0
0
0
0
0
0
0
0
1
1
0
1
1
0
1
1
0
1
1
0
1
1
0
1
1
0
1
1
0
1
1
0
1
1
0
1
1
0
1
1
0
1
1
1
1
1
1
1
1
1
1
1
1
1
1
1
1
1
1
1
1
1
1
1
1
1
1
1
0
0
0
0
0
0
0
0
0
0
0
0
0
0
0
0
0
0
0
0
0
0
0
0
0
0
0
0
0
1
0
1
0
1
0
1
0
1
0
1
0
1
0
1
0
1
0
1
0
1
0
1
1
1
1
1
1
1
1
1
1
1
1
1
1
1
1
1
1
1
1
1
1
1
1
1
1
1
1
1
0
0
0
0
0
0
0
0
0
0
0
0
0
0
0
0
0
0
0
0
0
0
0
0
0
0
0
0
0
1
0
1
0
1
0
1
0
1
0
1
0
1
0
1
0
1
0
1
0
1
0
1
1
1
1
1
1
1
1
1
1
1
1
1
1
1
1
1
1
1
1
1
1
1
1
1
1
1
1
1
0
0
0
0
0
0
0
0
0
0
0
0
0
0
0
0
0
0
0
0
0
0
0
0
0
0
0
0
0
1
0
1
0
1
0
1
0
1
0
1
0
1
0
1
0
1
0
1
0
1
0
1
1
1
1
1
1
1
1
1
1
1
1
1
1
1
1
1
1
1
1
1
1
1
1
1
1
1
1
1
0
0
0
0
0
0
0
0
0
0
0
0
0
0
0
0
0
0
0
0
0
0
0
0
0
0
0
0
0
1
0
1
0
1
0
1
0
1
0
1
0
1
0
1
0
1
0
1
0
1
0
1
1
1
1
1
1
1
1
1
1
1
1
1
1
1
1
1
1
1
1
1
1
1
1
1
1
1
1
1
0
0
0
0
0
0
0
0
0
0
0
0
0
0
0
0
0
0
0
0
0
0
0
0
0
0
0
0
0
0
1
0
0
1
0
0
1
0
0
1
0
0
1
0
0
1
0
0
1
0
0
1
0
0
1
0
0
1
0
0
1
0
0
1
1
1
1
1
1
1
1
1
1
1
1
1
1
1
1
1
1
1
1
1
1
1
1
1
1
1
1
1
1
0
0
0
0
0
0
0
0
0
0
0
0
0
0
0
0
0
0
0
0
0
0
0
0
0
0
0
0
1
0
1
0
1
0
1
0
1
0
1
0
1
0
1
0
1
0
1
0
1
0
1
1
1
1
1
1
1
1
1
1
1
1
1
1
1
1
1
1
1
1
1
1
1
1
1
1
1
1
0
0
0
0
0
0
0
0
0
0
0
0
0
0
0
0
0
0
0
0
0
0
0
0
0
0
0
0
0
1
0
0
1
0
0
1
0
0
1
0
0
1
0
0
1
0
0
1
0
0
1
0
0
1
0
0
1
0
0
1
0
0
1
1
1
1
1
1
1
1
1
1
1
1
1
1
1
1
1
1
1
1
1
1
1
1
1
1
1
0
0
0
0
0
0
0
0
0
0
0
0
0
0
0
0
0
0
0
0
0
0
0
0
0
0
0
1
0
1
0
1
0
1
0
1
0
1
0
1
0
1
0
1
0
1
0
1
0
1
1
1
1
1
1
1
1
1
1
1
1
1
1
1
1
1
1
1
1
1
1
1
1
1
1
1
1
1
0
0
0
0
0
0
0
0
0
0
0
0
0
0
0
0
0
0
0
0
0
0
0
0
0
0
1
1
0
1
1
0
1
1
0
1
1
0
1
1
0
1
1
0
1
1
0
1
1
0
1
1
0
1
1
0
1
1
0
1
1
1
1
1
1
1
1
1
1
1
1
1
1
1
1
1
1
1
1
1
1
1
1
1
0
0
0
0
0
0
0
0
0
0
0
0
0
0
0
0
0
0
0
0
0
0
0
0
0
0
1
1
0
0
1
1
0
0
1
1
0
0
1
1
0
0
1
1
0
0
1
1
0
0
1
1
0
0
1
1
0
0
1
1
0
0
1
1
0
0
1
1
0
0
1
1
1
1
1
1
1
1
1
1
1
1
1
1
1
1
1
1
1
1
1
1
1
1
1
1
1
0
0
0
0
0
0
0
0
0
0
0
0
0
0
0
0
0
0
0
0
0
0
0
0
0
1
0
0
1
0
0
1
0
0
1
0
0
1
0
0
1
0
0
1
0
0
1
0
0
1
0
0
1
0
0
1
0
0
1
1
1
1
1
1
1
1
1
1
1
1
1
1
1
1
1
1
1
1
1
1
1
1
1
0
0
0
0
0
0
0
0
0
0
0
0
0
0
0
0
0
0
0
0
0
0
0
1
1
0
0
1
1
0
0
1
1
0
0
1
1
0
0
1
1
0
0
1
1
0
0
1
1
0
0
1
1
0
0
1
1
0
0
1
1
0
0
1
1
0
0
1
1
1
1
1
1
1
1
1
1
1
1
1
1
1
1
1
1
1
1
1
1
1
0
0
0
0
0
0
0
0
0
0
0
0
0
0
0
0
0
0
0
0
0
1
1
0
0
1
1
0
0
1
1
0
0
1
1
0
0
1
1
0
0
1
1
0
0
1
1
0
0
1
1
0
0
1
1
0
0
1
1
0
0
1
1
0
0
1
1
1
1
1
1
1
1
1
1
1
1
1
1
1
1
1
1
1
1
1
0
0
0
0
0
0
0
0
0
0
0
0
0
0
0
0
0
0
0
0
1
1
0
0
0
1
1
0
0
0
1
1
0
0
0
1
1
0
0
0
1
1
0
0
0
1
1
0
0
0
1
1
0
0
0
1
1
0
0
0
1
1
0
0
0
1
1
0
0
0
1
1
0
0
0
1
1
1
1
1
1
1
1
1
1
1
1
1
1
1
1
1
0
0
0
0
0
0
0
0
0
0
0
0
0
0
0
0
0
1
1
0
0
0
1
1
0
0
0
1
1
0
0
0
1
1
0
0
0
1
1
0
0
0
1
1
0
0
0
1
1
0
0
0
1
1
0
0
0
1
1
0
0
0
1
1
0
0
0
1
1
0
0
0
1
1
1
1
1
1
1
1
1
1
1
1
1
1
1
1
1
1
1
0
0
0
0
0
0
0
0
0
0
0
0
0
0
1
1
1
1
0
0
0
0
0
1
1
1
1
0
0
0
0
0
1
1
1
1
0
0
0
0
0
1
1
1
1
0
0
0
0
0
1
1
1
1
0
0
0
0
0
1
1
1
1
0
0
0
0
0
1
1
1
1
0
0
0
0
0
1
1
1
1
0
0
0
0
0
1
1
1
1
0
0
0
0
0
1
1
1
1
0
0
0
0
0
1
1
1
1
0
0
0
0
0
1
1
1
1
1
1
1
1
1
1
1
1
1
1
1
1
1
1
1
1
1
1
1
1
1
1
1
1
1
1
1
1
1
1
1
1
1
1
1
1
1
1
1
1
1
1
1
1
1
1
1
1
1
1
1
1
1
1
1
1
1
1
1
1
1
1
1
1
1
1
1
1
1
1
1
1
1
1
1
1
1
1
1
1
1
1
1
1
1
1
1
1
1
1
1
1
1
1
1
1
1
1
1
1
1
1
1
1
1
1
1
1
1
1
1
1
1
1
1
1
1
1
1
1
1
1
1
1
1
1
1
1
1
1
1
1
1
1
1
1
1
1
1
1
1
1
1
1
1
1
1
1
1
1
1
1
1
1
1
1
1
1
1
1
1
1
1
1
1
1
1
1
1
1
1
1
1
1
1
1
1
1
1
1
1
1
1
1
1
1
1
1
1
1
1
1
1
1
1
1
1
1
1
1
1
1
1
1
1
1
1
1
1
1
1
1
1
1
1
1
1
1
1
1
1
1
1
1
1
1
1
1
1
1
1
1
1
1
1
1
1
1
1
1
1
1
1
1
1
1
1
1
1
1
1
1
1
1
1
1
1
1
1
1
1
1
1
1
1
1
1
1
1
1
1
1
1
0
1
1
1
1
1
1
1
1
0
1
1
1
1
1
0
0
1
0
1
1
1
1
1
1
1
1
1
1
1
1
1
1
1
1
1
1
0
1
1
1
1
1
0
1
0
1
1
1
1
1
1
1
1
1
1
1
1
1
1
1
1
1
1
0
1
1
1
1
1
0
1
0
1
1
1
1
1
1
1
1
1
1
1
1
1
1
1
1
1
1
0
1
1
1
1
1
0
1
0
1
1
1
1
1
1
1
1
1
1
1
1
1
1
1
1
1
1
0
1
1
1
1
1
0
1
0
1
1
1
1
1
1
1
1
1
1
1
1
1
1
1
1
1
1
0
1
1
1
1
1
0
1
0
1
1
1
1
1
1
1
1
1
1
1
1
1
1
1
1
1
1
0
1
1
1
1
1
0
1
0
1
1
1
1
1
1
1
1
1
1
1
1
1
1
1
1
1
1
0
1
1
1
1
1
0
1
0
1
1
1
1
1
1
1
1
1
1
1
1
1
1
1
1
1
1
0
1
1
1
1
1
0
1
0
1
1
1
1
1
1
1
1
1
1
1
1
1
1
1
1
1
1
0
1
1
1
1
1
0
1
0
1
1
1
1
1
1
1
1
1
1
1
1
1
1
1
1
1
1
0
1
1
1
1
1
0
1
0
1
1
1
1
1
1
1
1
1
1
1
1
0
1
1
1
0
0
1
1
0
0
0
0
0
0
0
0
0
0
0
0
0
0
0
1
0
1
0
0
1
1
1
0
0
1
0
1
0
0
1
1
1
1
1
1
1
1
1
1
1
1
1
1
1
1
1
1
1
1
1
1
1
1
1
1
1
1
1
1
1
1
1
1
1
1
1
1
1
1
1
1
1
1
1
1
1
1
0
0
0
1
1
1
0
0
0
0
1
1
1
1
1
1
1
1
1
0
1
1
1
0
0
1
1
1
1
1
1
1
1
1
0
1
1
1
0
0
1
1
1
1
1
1
1
1
1
0
1
1
1
0
0
1
1
1
1
1
1
1
1
1
0
1
1
1
0
0
1
1
1
1
1
1
1
1
1
0
1
1
1
0
0
1
1
1
1
1
1
1
1
1
0
1
1
1
0
0
1
1
1
1
1
1
1
1
1
0
1
1
1
0
0
1
1
1
1
1
1
1
1
1
0
1
1
1
0
0
1
1
1
1
1
1
1
1
1
0
1
1
1
0
0
1
1
1
1
1
1
1
1
1
0
1
1
1
0
0
1
1
1
1
1
1
1
1
1
0
0
0
0
0
0
0
0
0
0
0
0
0
0
0
0
0
0
0
0
0
0
0
0
0
0
0
0
0
0
0
0
0
0
0
0
0
0
0
1
1
1
0
0
0
0
1
1
1
1
1
1
1
1
1
1
1
1
1
1
1
1
1
1
1
1
1
1
1
1
1
1
1
1
1
1
1
1
1
1
1
1
1
1
1
1
1
1
1
1
1
1
1
1
1
1
1
0
1
1
1
1
1
0
1
1
0
0
1
0
1
1
1
1
1
1
1
1
1
0
1
1
0
1
0
1
1
1
1
1
1
1
1
1
0
1
1
0
1
0
1
1
1
1
1
1
1
1
1
0
1
1
0
1
0
1
1
1
1
1
1
1
1
1
0
1
1
0
1
0
1
1
1
1
1
1
1
1
1
0
1
1
0
1
0
1
1
1
1
1
1
1
1
1
0
1
1
0
1
0
1
1
1
1
1
1
1
1
1
0
1
1
0
1
0
1
1
1
1
1
1
1
1
1
0
1
1
0
1
0
1
1
1
1
1
1
1
1
1
0
1
1
0
1
0
1
1
1
1
1
1
1
1
1
0
1
1
0
1
0
1
1
1
1
1
1
0
1
1
0
0
0
0
0
0
0
0
0
0
0
0
0
0
0
0
0
0
0
0
0
0
0
0
0
0
0
0
0
0
0
0
0
0
0
0
0
0
0
0
0
0
0
0
0
1
0
1
0
0
1
0
1
0
0
1
1
1
1
1
1
1
1
1
1
1
1
1
1
1
1
1
1
1
1
1
1
1
1
1
1
1
1
1
1
1
1
1
1
1
1
1
1
1
1
1
1
1
1
1
1
1
1
1
1
1
1
1
1
1
1
1
1
1
0
1
1
0
1
0
0
1
0
1
1
1
1
1
1
1
0
1
0
1
0
1
1
1
1
1
1
1
0
1
0
1
0
1
1
1
1
1
1
1
0
1
0
1
0
1
1
1
1
1
1
1
0
1
0
1
0
1
1
1
1
1
1
1
0
1
0
1
0
1
1
1
1
1
1
1
0
1
0
1
0
1
1
1
1
1
1
1
0
1
0
1
0
1
1
1
1
1
1
1
0
1
0
1
0
1
1
1
1
1
1
1
0
1
0
1
0
1
1
1
1
1
1
1
0
1
0
1
0
1
1
1
1
1
1
1
0
0
0
0
0
0
0
0
0
0
0
0
0
0
0
0
0
0
0
0
0
0
0
0
0
0
0
0
0
0
0
0
0
0
0
0
0
0
0
0
0
0
0
0
0
0
0
0
0
0
0
0
0
0
0
0
1
0
1
0
0
1
1
1
1
1
1
1
1
1
1
1
1
1
1
1
1
1
1
1
1
1
1
1
1
1
1
1
1
1
1
1
1
1
1
1
1
1
1
1
1
1
1
1
1
1
1
1
1
1
1
1
1
1
1
1
1
1
1
1
1
1
1
1
1
1
0
1
1
0
1
0
0
1
0
1
1
1
1
1
1
1
0
1
0
1
0
1
1
1
1
1
1
1
0
1
0
1
0
1
1
1
1
1
1
1
0
1
0
1
0
1
1
1
1
1
1
1
0
1
0
1
0
1
1
1
1
1
1
1
0
1
0
1
0
1
1
1
1
1
1
1
0
1
0
1
0
1
1
1
1
1
1
1
0
1
0
1
0
1
1
1
1
1
1
1
0
1
0
1
0
1
1
1
1
1
1
1
0
1
0
1
0
1
1
1
1
1
1
1
0
1
0
1
0
1
1
1
1
1
1
1
0
0
0
0
0
0
0
0
0
0
0
0
0
0
0
0
0
0
0
0
0
0
0
0
0
0
0
0
0
0
0
0
0
0
0
0
0
0
0
0
0
0
0
0
0
0
0
0
0
0
0
0
0
0
0
0
0
0
0
0
0
0
1
0
1
0
0
1
1
1
1
1
1
1
1
1
1
1
1
1
1
1
1
1
1
1
1
1
1
1
1
1
1
1
1
1
1
1
1
1
1
1
1
1
1
1
1
1
1
1
1
1
1
1
1
1
1
1
1
1
1
1
1
1
1
1
1
1
1
1
1
1
1
1
1
1
1
1
0
1
0
1
0
0
0
1
1
1
1
1
0
1
0
0
1
1
1
1
1
0
1
0
0
1
1
1
1
1
0
1
0
0
1
1
1
1
1
0
1
0
0
1
1
1
1
1
0
1
0
0
1
1
1
1
1
0
1
0
0
1
1
1
1
1
0
1
0
0
1
1
1
1
1
0
1
0
0
1
1
1
1
1
0
1
0
0
1
1
1
1
1
0
1
0
0
1
1
1
1
1
0
0
0
0
0
0
0
0
0
0
0
0
0
0
0
0
0
0
0
0
0
0
0
0
0
0
0
0
0
0
0
0
0
0
0
0
0
0
0
0
0
0
0
0
0
0
0
0
0
0
0
0
0
0
0
0
0
0
0
0
0
0
0
0
0
0
0
0
1
0
0
0
1
1
1
1
1
1
1
1
1
1
1
1
1
1
1
1
1
1
1
1
1
1
1
1
1
1
1
1
1
1
1
1
1
1
1
1
1
1
1
1
1
1
1
1
1
1
1
1
1
1
1
1
1
1
1
1
1
1
1
1
1
1
1
1
1
1
1
1
1
1
1
1
1
1
1
1
1
1
0
1
0
0
1
1
1
1
1
1
1
1
0
1
0
0
1
1
1
1
1
1
1
1
0
1
0
0
1
1
1
1
1
1
1
1
0
1
0
0
1
1
1
1
1
1
1
1
0
1
0
0
1
1
1
1
1
1
1
1
0
1
0
0
1
1
1
1
1
1
1
1
0
1
0
0
1
1
1
1
1
1
1
1
0
1
0
0
1
1
1
1
1
1
1
1
0
1
0
0
1
1
1
1
1
1
1
1
0
1
0
0
1
1
1
1
1
1
1
1
0
1
0
0
1
1
1
1
1
1
1
0
0
0
0
0
0
0
0
0
0
0
0
0
0
0
0
0
0
0
0
0
0
0
0
0
0
0
0
0
0
0
0
0
0
0
0
0
0
0
0
0
0
0
0
0
0
0
0
0
0
0
0
0
0
0
0
0
0
0
0
0
0
0
0
0
0
0
0
0
1
0
1
0
0
0
0
1
1
1
1
1
1
1
1
1
1
1
1
1
1
1
1
1
1
1
1
1
1
1
1
1
1
1
1
1
1
1
1
1
1
1
1
1
1
1
1
1
1
1
1
1
1
1
1
1
1
1
1
1
1
1
1
1
1
1
1
1
1
1
1
1
1
1
1
1
1
1
1
1
0
1
1
0
1
1
0
0
0
1
0
1
1
1
1
1
0
0
1
0
1
1
1
1
1
0
0
1
0
1
1
1
1
1
0
0
1
0
1
1
1
1
1
0
0
1
0
1
1
1
1
1
0
0
1
0
1
1
1
1
1
0
0
1
0
1
1
1
1
1
0
0
1
0
1
1
1
1
1
0
0
1
0
1
1
1
1
1
0
0
1
0
1
1
1
1
1
0
0
1
0
1
1
0
1
1
1
0
0
0
0
0
0
0
0
0
0
0
0
0
0
0
0
0
0
0
0
0
0
0
0
0
0
0
0
0
0
0
0
0
0
0
0
0
0
0
0
0
0
0
0
0
0
0
0
0
0
0
0
0
0
0
0
0
0
0
0
0
0
0
0
0
0
0
0
0
0
0
0
0
0
0
1
0
0
1
1
1
1
1
1
1
1
1
1
1
1
1
1
1
1
1
1
1
1
1
1
1
1
1
1
1
1
1
1
1
1
1
1
1
1
1
1
1
1
1
1
1
1
1
1
1
1
1
1
1
1
1
1
1
1
1
1
1
1
1
1
1
1
1
1
1
1
1
1
1
1
1
1
1
1
1
1
1
1
1
1
0
0
0
1
1
1
0
0
0
1
1
1
0
0
0
1
1
1
0
0
0
1
1
1
0
0
0
1
1
1
0
0
0
1
1
1
0
0
0
1
1
1
0
0
0
1
1
1
0
0
0
1
1
1
0
0
0
1
1
1
0
0
0
1
1
1
0
0
0
0
0
0
0
0
0
0
0
0
0
0
0
0
0
0
0
0
0
0
0
0
0
0
0
0
0
0
0
0
0
0
0
0
0
0
0
0
0
0
0
0
0
0
0
0
0
0
0
0
0
0
0
0
0
0
0
0
0
0
0
0
0
0
0
0
0
0
0
0
0
0
0
0
0
0
0
0
0
1
1
1
1
1
1
1
1
1
1
1
1
1
1
1
1
1
1
1
1
1
1
1
1
1
1
1
1
1
1
1
1
1
1
1
1
1
1
1
1
1
1
1
1
1
1
1
1
1
1
1
1
1
1
1
1
1
1
1
1
1
1
1
1
1
1
1
1
1
1
1
1
1
1
1
1
1
1
1
1
1
1
0
1
0
1
0
0
0
1
1
1
1
1
0
1
0
0
1
1
1
1
1
0
1
0
0
1
1
1
1
1
0
1
0
0
1
1
1
1
1
0
1
0
0
1
1
1
1
1
0
1
0
0
1
1
1
1
1
0
1
0
0
1
1
1
1
1
0
1
0
0
1
1
1
1
1
0
1
0
0
1
1
1
1
1
0
1
0
0
1
1
1
1
1
0
1
0
0
1
1
1
1
1
0
0
0
0
0
0
0
0
0
0
0
0
0
0
0
0
0
0
0
0
0
0
0
0
0
0
0
0
0
0
0
0
0
0
0
0
0
0
0
0
0
0
0
0
0
0
0
0
0
0
0
0
0
0
0
0
0
0
0
0
0
0
0
0
0
0
0
0
0
0
0
0
0
0
0
0
0
0
0
0
1
0
0
0
1
1
1
1
1
1
1
1
1
1
1
1
1
1
1
1
1
1
1
1
1
1
1
1
1
1
1
1
1
1
1
1
1
1
1
1
1
1
1
1
1
1
1
1
1
1
1
1
1
1
1
1
1
1
1
1
1
1
1
1
1
1
1
1
1
1
1
1
1
1
1
1
1
1
1
1
1
1
1
1
1
1
1
1
0
0
0
1
1
1
0
0
0
1
1
1
0
0
0
1
1
1
0
0
0
1
1
1
0
0
0
1
1
1
0
0
0
1
1
1
0
0
0
1
1
1
0
0
0
1
1
1
0
0
0
1
1
1
0
0
0
1
1
1
0
0
0
1
0
1
1
0
0
0
0
0
0
0
0
0
0
0
0
0
0
0
0
0
0
0
0
0
0
0
0
0
0
0
0
0
0
0
0
0
0
0
0
0
0
0
0
0
0
0
0
0
0
0
0
0
0
0
0
0
0
0
0
0
0
0
0
0
0
0
0
0
0
0
0
0
0
0
0
0
0
0
0
0
0
0
0
0
0
0
1
1
1
1
1
1
1
1
1
1
1
1
1
1
1
1
1
1
1
1
1
1
1
1
1
1
1
1
1
1
1
1
1
1
1
1
1
1
1
1
1
1
1
1
1
1
1
1
1
1
1
1
1
1
1
1
1
1
1
1
1
1
1
1
1
1
1
1
1
1
1
1
1
1
1
1
1
1
1
1
1
1
1
1
1
1
1
1
0
1
0
0
1
1
1
1
1
0
1
0
0
1
1
1
1
1
0
1
0
0
1
1
1
1
1
0
1
0
0
1
1
1
1
1
0
1
0
0
1
1
1
1
1
0
1
0
0
1
1
1
1
1
0
1
0
0
1
1
1
1
1
0
1
0
0
1
1
1
1
1
0
1
0
0
1
1
1
1
1
0
1
0
0
1
1
1
1
1
0
1
0
0
1
1
1
1
0
0
0
0
0
0
0
0
0
0
0
0
0
0
0
0
0
0
0
0
0
0
0
0
0
0
0
0
0
0
0
0
0
0
0
0
0
0
0
0
0
0
0
0
0
0
0
0
0
0
0
0
0
0
0
0
0
0
0
0
0
0
0
0
0
0
0
0
0
0
0
0
0
0
0
0
0
0
0
0
0
1
0
1
0
0
0
0
1
1
1
1
1
1
1
1
1
1
1
1
1
1
1
1
1
1
1
1
1
1
1
1
1
1
1
1
1
1
1
1
1
1
1
1
1
1
1
1
1
1
1
1
1
1
1
1
1
1
1
1
1
1
1
1
1
1
1
1
1
1
1
1
1
1
1
1
1
1
1
1
1
1
1
1
1
1
1
1
1
1
1
1
1
1
1
0
0
0
1
1
1
0
0
0
1
1
1
0
0
0
1
1
1
0
0
0
1
1
1
0
0
0
1
1
1
0
0
0
1
1
1
0
0
0
1
1
1
0
0
0
1
1
1
0
0
0
1
1
1
0
0
0
1
1
1
0
0
0
1
1
1
0
0
0
0
0
0
0
0
0
0
0
0
0
0
0
0
0
0
0
0
0
0
0
0
0
0
0
0
0
0
0
0
0
0
0
0
0
0
0
0
0
0
0
0
0
0
0
0
0
0
0
0
0
0
0
0
0
0
0
0
0
0
0
0
0
0
0
0
0
0
0
0
0
0
0
0
0
0
0
0
0
0
0
0
0
0
0
1
1
1
1
1
1
1
1
1
1
1
1
1
1
1
1
1
1
1
1
1
1
1
1
1
1
1
1
1
1
1
1
1
1
1
1
1
1
1
1
1
1
1
1
1
1
1
1
1
1
1
1
1
1
1
1
1
1
1
1
1
1
1
1
1
1
1
1
1
1
1
1
1
1
1
1
1
1
1
1
1
1
1
1
1
1
1
0
0
0
1
1
1
0
0
0
1
1
1
0
0
0
1
1
1
0
0
0
1
1
1
0
0
0
1
1
1
0
0
0
1
1
1
0
0
0
1
1
1
0
0
0
1
1
1
0
0
0
1
1
1
0
0
0
1
1
1
0
0
0
1
1
1
0
0
0
0
0
0
0
0
0
0
0
0
0
0
0
0
0
0
0
0
0
0
0
0
0
0
0
0
0
0
0
0
0
0
0
0
0
0
0
0
0
0
0
0
0
0
0
0
0
0
0
0
0
0
0
0
0
0
0
0
0
0
0
0
0
0
0
0
0
0
0
0
0
0
0
0
0
0
0
0
0
0
0
0
0
0
0
1
1
1
1
1
1
1
1
1
1
1
1
1
1
1
1
1
1
1
1
1
1
1
1
1
1
1
1
1
1
1
1
1
1
1
1
1
1
1
1
1
1
1
1
1
1
1
1
1
1
1
1
1
1
1
1
1
1
1
1
1
1
1
1
1
1
1
1
1
1
1
1
1
1
1
1
1
1
1
1
1
1
1
1
1
1
1
0
0
0
1
1
1
0
0
0
1
1
1
0
0
0
1
1
1
0
0
0
1
1
1
0
0
0
1
1
1
0
0
0
1
1
1
0
0
0
1
1
1
0
0
0
1
1
1
0
0
0
1
1
1
0
0
0
1
1
1
0
0
0
1
1
1
0
0
0
0
0
0
0
0
0
0
0
0
0
0
0
0
0
0
0
0
0
0
0
0
0
0
0
0
0
0
0
0
0
0
0
0
0
0
0
0
0
0
0
0
0
0
0
0
0
0
0
0
0
0
0
0
0
0
0
0
0
0
0
0
0
0
0
0
0
0
0
0
0
0
0
0
0
0
0
0
0
0
0
0
0
0
0
1
1
1
1
1
1
1
1
1
1
1
1
1
1
1
1
1
1
1
1
1
1
1
1
1
1
1
1
1
1
1
1
1
1
1
1
1
1
1
1
1
1
1
1
1
1
1
1
1
1
1
1
1
1
1
1
1
1
1
1
1
1
1
1
1
1
1
1
1
1
1
1
1
1
1
1
1
1
1
1
1
1
1
1
1
1
1
0
0
0
1
1
1
0
0
0
1
1
1
0
0
0
1
1
1
0
0
0
1
1
1
0
0
0
1
1
1
0
0
0
1
1
1
0
0
0
1
1
1
0
0
0
1
1
1
0
0
0
1
1
1
0
0
0
1
1
1
0
0
0
1
1
1
0
0
0
0
0
0
0
0
0
0
0
0
0
0
0
0
0
0
0
0
0
0
0
0
0
0
0
0
0
0
0
0
0
0
0
0
0
0
0
0
0
0
0
0
0
0
0
0
0
0
0
0
0
0
0
0
0
0
0
0
0
0
0
0
0
0
0
0
0
0
0
0
0
0
0
0
0
0
0
0
0
0
0
0
0
0
0
1
1
1
1
1
1
1
1
1
1
1
1
1
1
1
1
1
1
1
1
1
1
1
1
1
1
1
1
1
1
1
1
1
1
1
1
1
1
1
1
1
1
1
1
1
1
1
1
1
1
1
1
1
1
1
1
1
1
1
1
1
1
1
1
1
1
1
1
1
1
1
1
1
1
1
1
1
1
1
1
1
1
1
0
1
1
0
0
0
0
0
1
0
1
1
0
0
0
0
0
1
0
1
1
0
0
0
0
0
1
0
1
1
0
0
0
0
0
1
0
1
1
0
0
0
0
0
1
0
1
1
0
0
0
0
0
1
0
1
1
0
0
0
0
0
1
0
1
1
0
0
0
0
0
1
0
1
1
0
0
0
0
0
1
0
1
1
0
0
0
0
0
1
0
1
1
0
0
0
0
0
1
0
0
1
1
0
0
0
0
0
0
0
0
0
0
0
0
0
0
0
0
0
0
0
0
0
0
0
0
0
0
0
0
0
0
0
0
0
0
0
0
0
0
0
0
0
0
0
0
0
0
0
0
0
0
0
0
0
0
0
0
0
0
0
0
0
0
0
0
0
0
0
0
0
0
0
0
0
0
0
0
0
0
0
0
0
0
0
0
0
0
1
1
1
1
1
1
1
1
1
1
1
1
1
1
1
1
1
1
1
1
1
1
1
1
1
1
1
1
1
1
1
1
1
1
1
1
1
1
1
1
1
1
1
1
1
1
1
1
1
1
1
1
1
1
1
1
1
1
1
1
1
1
1
1
1
1
1
1
1
1
1
1
1
1
1
1
1
1
1
1
1
1
1
1
0
0
0
1
1
1
0
0
0
1
1
1
0
0
0
1
1
1
0
0
0
1
1
1
0
0
0
1
1
1
0
0
0
1
1
1
0
0
0
1
1
1
0
0
0
1
1
1
0
0
0
1
1
1
0
0
0
1
1
1
0
0
0
1
0
1
1
0
0
0
0
0
0
0
0
0
0
0
0
0
0
0
0
0
0
0
0
0
0
0
0
0
0
0
0
0
0
0
0
0
0
0
0
0
0
0
0
0
0
0
0
0
0
0
0
0
0
0
0
0
0
0
0
0
0
0
0
0
0
0
0
0
0
0
0
0
0
0
0
0
0
0
0
0
0
0
0
0
0
0
1
1
1
1
1
1
1
1
1
1
1
1
1
1
1
1
1
1
1
1
1
1
1
1
1
1
1
1
1
1
1
1
1
1
1
1
1
1
1
1
1
1
1
1
1
1
1
1
1
1
1
1
1
1
1
1
1
1
1
1
1
1
1
1
1
1
1
1
1
1
1
1
1
1
1
1
1
1
0
0
1
0
1
1
0
0
0
0
0
1
0
1
1
0
0
0
0
0
1
0
1
1
0
0
0
0
0
1
0
1
1
0
0
0
0
0
1
0
1
1
0
0
0
0
0
1
0
1
1
0
0
0
0
0
1
0
1
1
0
0
0
0
0
1
0
1
1
0
0
0
0
0
1
0
1
1
0
0
0
0
0
1
0
1
1
0
0
0
0
0
1
0
1
1
0
0
0
0
0
1
0
0
1
1
0
0
0
0
0
0
0
0
0
0
0
0
0
0
0
0
0
0
0
0
0
0
0
0
0
0
0
0
0
0
0
0
0
0
0
0
0
0
0
0
0
0
0
0
0
0
0
0
0
0
0
0
0
0
0
0
0
0
0
0
0
0
0
0
0
0
0
0
0
0
0
0
0
0
0
0
0
0
0
0
0
0
1
1
1
1
1
1
1
1
1
1
1
1
1
1
1
1
1
1
1
1
1
1
1
1
1
1
1
1
1
1
1
1
1
1
1
1
1
1
1
1
1
1
1
1
1
1
1
1
1
1
1
1
1
1
1
1
1
1
1
1
1
1
1
1
1
1
1
1
1
1
1
1
1
1
1
1
1
1
1
1
1
0
0
0
0
0
0
1
1
1
0
0
0
0
0
0
1
1
1
0
0
0
0
0
0
1
1
1
0
0
0
0
0
0
1
1
1
0
0
0
0
0
0
1
1
1
0
0
0
0
0
0
1
1
1
0
0
0
0
0
0
1
1
1
0
0
0
0
0
0
1
1
1
0
0
0
0
0
0
1
1
1
0
0
0
0
0
0
1
1
1
0
0
0
0
0
0
1
1
1
0
0
0
0
0
0
0
0
0
0
0
0
0
0
0
0
0
0
0
0
0
0
0
0
0
0
0
0
0
0
0
0
0
0
0
0
0
0
0
0
0
0
0
0
0
0
0
0
0
0
0
0
0
0
0
0
0
0
0
0
0
0
0
0
0
0
0
0
0
0
0
0
0
0
0
0
0
0
0
0
0
0
0
0
1
1
1
1
1
1
1
1
1
1
1
1
1
1
1
1
1
1
1
1
1
1
1
1
1
1
1
1
1
1
1
1
1
1
1
1
1
1
1
1
1
1
1
1
1
1
1
1
1
1
1
1
1
1
1
1
1
1
1
1
1
1
1
1
1
1
1
1
1
1
1
1
0
1
1
0
0
1
0
0
0
0
0
0
1
1
0
1
0
0
0
0
0
1
1
0
1
0
0
0
0
0
1
1
0
1
0
0
0
0
0
1
1
0
1
0
0
0
0
0
1
1
0
1
0
0
0
0
0
1
1
0
1
0
0
0
0
0
1
1
0
1
0
0
0
0
0
1
1
0
1
0
0
0
0
0
1
1
0
1
0
0
0
0
0
1
1
0
1
0
0
0
0
0
1
0
1
0
1
0
0
0
0
0
0
0
0
0
0
0
0
0
0
0
0
0
0
0
0
0
0
0
0
0
0
0
0
0
0
0
0
0
0
0
0
0
0
0
0
0
0
0
0
0
0
0
0
0
0
0
0
0
0
0
0
0
0
0
0
0
0
0
0
0
0
0
0
0
0
0
0
0
0
0
0
0
0
0
1
1
1
1
1
1
1
1
1
1
1
1
1
1
1
1
1
1
1
1
1
1
1
1
1
1
1
1
1
1
1
1
1
1
1
1
1
1
1
1
1
1
1
1
1
1
1
1
1
1
1
1
1
1
1
1
1
1
1
1
1
1
1
1
1
1
1
1
1
1
1
0
1
1
0
0
0
0
0
1
0
1
1
0
0
0
0
0
1
0
1
1
0
0
0
0
0
1
0
1
1
0
0
0
0
0
1
0
1
1
0
0
0
0
0
1
0
1
1
0
0
0
0
0
1
0
1
1
0
0
0
0
0
1
0
1
1
0
0
0
0
0
1
0
1
1
0
0
0
0
0
1
0
1
1
0
0
0
0
0
1
0
1
1
0
0
0
0
0
1
0
0
1
1
0
0
0
0
0
0
0
0
0
0
0
0
0
0
0
0
0
0
0
0
0
0
0
0
0
0
0
0
0
0
0
0
0
0
0
0
0
0
0
0
0
0
0
0
0
0
0
0
0
0
0
0
0
0
0
0
0
0
0
0
0
0
0
0
0
0
0
0
0
0
0
0
0
0
1
1
1
1
1
1
1
1
1
1
1
1
1
1
1
1
1
1
1
1
1
1
1
1
1
1
1
1
1
1
1
1
1
1
1
1
1
1
1
1
1
1
1
1
1
1
1
1
1
1
1
1
1
1
1
1
1
1
1
1
1
1
1
1
1
1
0
0
1
0
1
1
0
0
0
0
0
0
0
0
1
0
1
1
0
0
0
0
0
0
0
0
1
0
1
1
0
0
0
0
0
0
0
0
1
0
1
1
0
0
0
0
0
0
0
0
1
0
1
1
0
0
0
0
0
0
0
0
1
0
1
1
0
0
0
0
0
0
0
0
1
0
1
1
0
0
0
0
0
0
0
0
1
0
1
1
0
0
0
0
0
0
0
0
1
0
1
1
0
0
0
0
0
0
0
0
1
0
1
1
0
0
0
0
0
0
0
0
1
0
1
1
0
0
0
0
0
0
0
0
1
0
0
1
1
0
0
0
0
0
0
0
0
0
0
0
0
0
0
0
0
0
0
0
0
0
0
0
0
0
0
0
0
0
0
0
0
0
0
0
0
0
0
0
0
0
0
0
0
0
0
0
0
0
0
0
0
0
0
0
0
0
0
0
0
0
0
0
0
0
0
0
0
0
0
0
0
0
1
1
1
1
1
1
1
1
1
1
1
1
1
1
1
1
1
1
1
1
1
1
1
1
1
1
1
1
1
1
1
1
1
1
1
1
1
1
1
1
1
1
1
1
1
1
1
1
1
1
1
1
1
1
1
1
1
1
1
1
0
0
1
0
1
1
0
0
0
0
0
0
0
0
1
0
1
1
0
0
0
0
0
0
0
0
1
0
1
1
0
0
0
0
0
0
0
0
1
0
1
1
0
0
0
0
0
0
0
0
1
0
1
1
0
0
0
0
0
0
0
0
1
0
1
1
0
0
0
0
0
0
0
0
1
0
1
1
0
0
0
0
0
0
0
0
1
0
1
1
0
0
0
0
0
0
0
0
1
0
1
1
0
0
0
0
0
0
0
0
1
0
1
1
0
0
0
0
0
0
0
0
1
0
1
1
0
0
0
0
0
0
0
0
1
0
0
1
1
0
0
0
0
0
0
0
0
0
0
0
0
0
0
0
0
0
0
0
0
0
0
0
0
0
0
0
0
0
0
0
0
0
0
0
0
0
0
0
0
0
0
0
0
0
0
0
0
0
0
0
0
0
0
0
0
0
0
0
0
0
0
0
0
0
0
0
1
1
1
1
1
1
1
1
1
1
1
1
1
1
1
1
1
1
1
1
1
1
1
1
1
1
1
1
1
1
1
1
1
1
1
1
1
1
1
1
1
1
1
1
1
1
1
1
1
1
1
1
1
1
0
0
1
0
1
1
0
0
0
0
0
0
0
0
1
0
1
1
0
0
0
0
0
0
0
0
1
0
1
1
0
0
0
0
0
0
0
0
1
0
1
1
0
0
0
0
0
0
0
0
1
0
1
1
0
0
0
0
0
0
0
0
1
0
1
1
0
0
0
0
0
0
0
0
1
0
1
1
0
0
0
0
0
0
0
0
1
0
1
1
0
0
0
0
0
0
0
0
1
0
1
1
0
0
0
0
0
0
0
0
1
0
1
1
0
0
0
0
0
0
0
0
1
0
1
1
0
0
0
0
0
0
0
0
1
0
0
1
1
0
0
0
0
0
0
0
0
0
0
0
0
0
0
0
0
0
0
0
0
0
0
0
0
0
0
0
0
0
0
0
0
0
0
0
0
0
0
0
0
0
0
0
0
0
0
0
0
0
0
0
0
0
0
0
0
0
0
0
0
0
1
1
1
1
1
1
1
1
1
1
1
1
1
1
1
1
1
1
1
1
1
1
1
1
1
1
1
1
1
1
1
1
1
1
1
1
1
1
1
1
1
1
1
1
1
1
0
0
1
0
0
1
0
1
0
0
0
0
0
0
0
0
0
1
0
0
1
0
1
0
0
0
0
0
0
0
0
0
1
0
0
1
0
1
0
0
0
0
0
0
0
0
0
1
0
0
1
0
1
0
0
0
0
0
0
0
0
0
1
0
0
1
0
1
0
0
0
0
0
0
0
0
0
1
0
0
1
0
1
0
0
0
0
0
0
0
0
0
1
0
0
1
0
1
0
0
0
0
0
0
0
0
0
1
0
0
1
0
1
0
0
0
0
0
0
0
0
0
1
0
0
1
0
1
0
0
0
0
0
0
0
0
0
1
0
0
1
0
1
0
0
0
0
0
0
0
0
0
1
0
0
1
0
1
0
0
0
0
0
0
0
0
0
1
0
0
0
0
1
0
1
0
0
0
0
0
0
0
0
0
0
0
0
0
0
0
0
0
0
0
0
0
0
0
0
0
0
0
0
0
0
0
0
0
0
0
0
0
0
0
0
0
0
0
0
0
0
0
0
0
0
0
0
0
1
1
1
1
1
1
1
1
1
1
1
1
1
1
1
1
1
1
1
1
1
1
1
1
1
1
1
1
1
1
1
1
1
1
1
1
1
0
0
0
0
1
1
0
0
0
0
0
0
0
0
0
0
0
0
0
0
0
0
1
0
0
0
1
1
0
0
0
0
0
0
0
0
0
0
0
0
0
0
0
1
0
0
0
1
1
0
0
0
0
0
0
0
0
0
0
0
0
0
0
0
1
0
0
0
1
1
0
0
0
0
0
0
0
0
0
0
0
0
0
0
0
1
0
0
0
1
1
0
0
0
0
0
0
0
0
0
0
0
0
0
0
0
1
0
0
0
1
1
0
0
0
0
0
0
0
0
0
0
0
0
0
0
0
1
0
0
0
1
1
0
0
0
0
0
0
0
0
0
0
0
0
0
0
0
1
0
0
0
1
1
0
0
0
0
0
0
0
0
0
0
0
0
0
0
0
1
0
0
0
1
1
0
0
0
0
0
0
0
0
0
0
0
0
0
0
0
1
0
0
0
1
1
0
0
0
0
0
0
0
0
0
0
0
0
0
0
0
1
0
0
0
1
1
0
0
0
0
0
0
0
0
0
0
0
0
0
0
0
1
0
0
0
0
1
1
0
0
0
0
0
0
0
0
0
0
0
0
0
0
0
0
0
0
0
0
0
0
0
0
0
0
0
0
0
0
0
0
0
0
0
0
0
0
0
0
0
0
0
0
0
0
0
0
0
0
0
0
1
1
1
1
1
1
1
1
1
1
1
1
1
1
1
1
1
1
0
0
1
0
0
0
0
0
1
0
1
0
0
0
0
0
0
0
0
0
0
0
0
0
0
0
0
0
0
0
0
0
0
0
0
1
0
0
0
0
0
1
0
1
0
0
0
0
0
0
0
0
0
0
0
0
0
0
0
0
0
0
0
0
0
0
0
0
1
0
0
0
0
0
1
0
1
0
0
0
0
0
0
0
0
0
0
0
0
0
0
0
0
0
0
0
0
0
0
0
0
1
0
0
0
0
0
1
0
1
0
0
0
0
0
0
0
0
0
0
0
0
0
0
0
0
0
0
0
0
0
0
0
0
1
0
0
0
0
0
1
0
1
0
0
0
0
0
0
0
0
0
0
0
0
0
0
0
0
0
0
0
0
0
0
0
0
1
0
0
0
0
0
1
0
1
0
0
0
0
0
0
0
0
0
0
0
0
0
0
0
0
0
0
0
0
0
0
0
0
1
0
0
0
0
0
1
0
1
0
0
0
0
0
0
0
0
0
0
0
0
0
0
0
0
0
0
0
0
0
0
0
0
1
0
0
0
0
0
1
0
1
0
0
0
0
0
0
0
0
0
0
0
0
0
0
0
0
0
0
0
0
0
0
0
0
1
0
0
0
0
0
1
0
1
0
0
0
0
0
0
0
0
0
0
0
0
0
0
0
0
0
0
0
0
0
0
0
0
1
0
0
0
0
0
1
0
1
0
0
0
0
0
0
0
0
0
0
0
0
0
0
0
0
0
0
0
0
0
0
0
0
1
0
0
0
0
0
1
0
1
0
0
0
0
0
0
0
0
0
0
0
0
0
0
0
0
0
0
0
0
0
0
0
0
1
0
0
0
0
0
0
0
0
1
0
1
0
0
0
0
0
0
0
0
0
0
0
0
0
0
0
0
0
0
0
0
0
0
0
0
0
0
0
0
0
0
0
0
0
0
0
0
0
0
0
)
;
}
)

// ************************************************************************* //
