/*--------------------------------*- C++ -*----------------------------------*\
| =========                 |                                                 |
| \\      /  F ield         | OpenFOAM: The Open Source CFD Toolbox           |
|  \\    /   O peration     | Version:  2412                                  |
|   \\  /    A nd           | Website:  www.openfoam.com                      |
|    \\/     M anipulation  |                                                 |
\*---------------------------------------------------------------------------*/
FoamFile
{
    version     2.0;
    format      ascii;
    arch        "LSB;label=32;scalar=64";
    class       regIOobject;
    location    "constant/polyMesh";
    object      faceZones;
    meta
    {
        names           1 ( faceMRFzone );
    }
}
// * * * * * * * * * * * * * * * * * * * * * * * * * * * * * * * * * * * * * //

1
(faceMRFzone
{
    type            faceZone;
    faceLabels      List<label> 
2764
(
1958
1963
1965
1966
1972
1978
1984
1990
1993
2000
2103
2108
2110
2111
2117
2123
2129
2135
2138
2145
2234
2239
2244
2249
2254
2378
2380
2381
2435
2441
2444
2535
2537
2538
2592
2598
2601
2681
2686
2692
2697
2702
2707
2712
2717
2721
2726
2731
2849
2851
2926
2933
2936
3019
3021
3097
3104
3107
3176
3182
3187
3192
3197
3202
3208
3214
3220
3226
3232
3238
3243
3247
3359
3361
3455
3458
3535
3537
3632
3635
3699
3705
3710
3715
3720
3725
3731
3737
3743
3749
3755
3761
3767
3773
3779
3783
3888
3890
3996
3999
4070
4072
4179
4182
4243
4249
4254
4259
4264
4269
4274
4280
4286
4292
4298
4304
4310
4316
4322
4328
4334
4338
4443
4445
4563
4633
4635
4754
4810
4816
4821
4826
4831
4836
4841
4846
4852
4858
4864
4870
4876
4882
4888
4894
4900
4906
4912
4916
5006
5008
5128
5130
5194
5196
5317
5320
5376
5381
5386
5391
5396
5401
5406
5411
5416
5422
5428
5434
5440
5446
5452
5458
5464
5470
5476
5482
5486
5578
5709
5774
5906
5957
5962
5967
5972
5977
5982
5987
5992
5997
6002
6008
6014
6020
6026
6032
6038
6044
6050
6056
6062
6068
6074
6157
6292
6295
6357
6493
6496
6555
6560
6565
6570
6575
6580
6585
6590
6595
6600
6605
6611
6617
6623
6629
6635
6641
6647
6653
6659
6665
6671
6675
6766
6768
6902
6968
6970
7106
7163
7168
7173
7178
7183
7188
7193
7198
7203
7208
7213
7218
7224
7230
7236
7242
7248
7254
7260
7266
7272
7278
7282
7369
7513
7572
7716
7764
7769
7774
7779
7784
7789
7794
7799
7804
7809
7814
7819
7824
7829
7835
7841
7847
7853
7859
7865
7871
7877
7883
7889
7976
8120
8179
8323
8371
8376
8381
8386
8391
8396
8401
8406
8411
8416
8421
8426
8431
8436
8441
8447
8453
8459
8465
8471
8477
8483
8489
8495
8582
8710
8769
8913
8961
8966
8971
8976
8981
8986
8991
8996
9001
9006
9011
9016
9021
9026
9031
9036
9042
9048
9054
9060
9066
9072
9078
9084
9174
9318
9377
9521
9569
9574
9579
9584
9589
9594
9599
9604
9609
9614
9619
9624
9629
9634
9639
9644
9649
9655
9661
9667
9673
9679
9685
9690
9780
9783
9924
9983
9986
10127
10175
10180
10185
10190
10195
10200
10205
10210
10215
10220
10225
10230
10235
10240
10245
10250
10255
10260
10266
10272
10278
10284
10290
10295
10383
10521
10583
10722
10781
10786
10791
10796
10801
10806
10811
10816
10821
10826
10831
10836
10841
10846
10851
10856
10861
10866
10871
10877
10883
10888
10893
10996
11125
11127
11194
11324
11326
11378
11383
11388
11393
11398
11403
11408
11413
11418
11423
11428
11433
11438
11443
11448
11453
11458
11463
11468
11473
11478
11483
11576
11579
11707
11766
11769
11898
11946
11951
11956
11961
11966
11971
11976
11981
11986
11991
11996
12001
12006
12011
12016
12021
12026
12031
12036
12041
12046
12051
12160
12278
12280
12353
12471
12473
12532
12537
12542
12547
12552
12557
12562
12567
12572
12577
12582
12587
12592
12597
12602
12607
12612
12617
12622
12627
12729
12731
12845
12847
12911
12913
13028
13030
13092
13097
13102
13107
13112
13117
13122
13127
13132
13137
13142
13147
13152
13157
13162
13167
13172
13177
13182
13297
13299
13401
13403
13477
13479
13582
13584
13652
13657
13662
13667
13672
13677
13682
13687
13692
13697
13702
13707
13712
13717
13722
13727
13732
13857
13859
13949
13951
14029
14031
14122
14124
14195
14200
14205
14210
14215
14220
14225
14230
14235
14240
14245
14250
14255
14260
14265
14391
14398
14401
14468
14470
14551
14559
14562
14629
14631
14705
14710
14715
14720
14725
14730
14735
14740
14745
14750
14755
14760
14911
14919
14922
14927
14964
14965
14967
14971
15064
15072
15075
15081
15117
15118
15120
15124
15204
15209
15214
15219
15224
15229
15234
15239
15413
15419
15425
15431
15437
15552
15558
15564
15570
15576
18335
18343
18346
18354
18357
18365
18368
18376
18379
18387
18404
18411
18423
18426
18429
18441
18444
18447
18459
18462
18465
18477
18480
18483
18498
18515
18521
18534
18536
18539
18552
18554
18557
18570
18572
18575
18588
18590
18593
18608
18623
18631
18632
18634
18636
18638
18648
18649
18699
18701
18711
18713
18720
18730
18733
18740
18754
18760
18771
18772
18775
18776
18778
18780
18783
18785
18802
18803
18885
18886
18888
18903
18906
18908
18915
18920
18934
18937
18940
18953
18967
18972
18984
18985
18987
18989
18990
18993
18996
18998
19009
19012
19015
19016
19019
19026
19029
19037
19044
19047
19055
19062
19065
19073
19080
19083
19091
19098
19101
19104
19105
19107
19116
19119
19122
19125
19127
19134
19138
19139
19141
19153
19155
19158
19171
19214
19216
19218
19219
19220
19276
19278
19284
19294
19296
19310
19311
19314
19316
19318
19321
19322
19413
19414
19416
19422
19427
19440
19444
19446
19460
19461
19463
19466
19467
19471
19472
19475
19482
19485
19493
19500
19503
19511
19518
19521
19530
19539
19542
19551
19560
19563
19571
19578
19581
19589
19596
19599
19608
19617
19620
19629
19638
19641
19649
19656
19659
19667
19674
19677
19680
19681
19683
19689
19692
19694
19695
19707
19710
19712
19788
19789
19792
19794
19814
19824
19830
19834
19837
19843
19844
19847
19853
19855
19884
19903
19909
19912
19914
19918
19921
19927
19928
19931
19937
19938
19943
19950
19957
19960
19969
19978
19981
19990
19999
20002
20011
20020
20023
20032
20041
20044
20053
20062
20065
20073
20080
20083
20091
20098
20101
20110
20119
20122
20131
20140
20143
20152
20161
20164
20173
20182
20185
20194
20203
20206
20213
20214
20221
20224
20230
20236
20239
20241
20243
20244
20383
20384
20387
20389
20426
20436
20442
20446
20449
20455
20456
20459
20465
20467
20514
20533
20539
20542
20544
20548
20551
20557
20558
20561
20567
20568
20573
20580
20587
20590
20599
20608
20611
20620
20629
20632
20641
20650
20653
20662
20671
20674
20683
20692
20695
20704
20713
20716
20724
20731
20734
20742
20749
20752
20761
20770
20773
20782
20791
20794
20803
20812
20815
20824
20833
20836
20845
20854
20857
20866
20875
20878
20885
20886
20893
20896
20902
20908
20911
20913
20915
20916
21093
21094
21097
21099
21134
21144
21150
21154
21157
21163
21164
21167
21173
21175
21222
21241
21247
21250
21252
21256
21259
21265
21266
21269
21275
21276
21281
21288
21295
21298
21307
21316
21319
21328
21337
21340
21349
21358
21361
21370
21379
21382
21391
21400
21403
21412
21421
21424
21433
21442
21445
21453
21460
21463
21471
21478
21481
21490
21499
21502
21511
21520
21523
21532
21541
21544
21553
21562
21565
21574
21583
21586
21595
21604
21607
21616
21625
21628
21635
21636
21643
21646
21652
21658
21661
21663
21665
21666
21865
21871
21873
21904
21910
21921
21931
21937
21938
21942
21944
21987
21993
21999
22017
22027
22033
22034
22038
22039
22047
22054
22057
22066
22075
22078
22087
22096
22099
22108
22117
22120
22129
22138
22141
22150
22159
22162
22171
22180
22183
22192
22201
22204
22213
22222
22225
22233
22240
22243
22251
22258
22261
22270
22279
22282
22291
22300
22303
22312
22321
22324
22333
22342
22345
22354
22363
22366
22375
22384
22387
22396
22405
22408
22417
22426
22429
22436
22437
22441
22444
22446
22447
22463
22681
22684
22685
22710
22713
22720
22742
22747
22752
22753
22787
22788
22791
22798
22804
22832
22837
22842
22843
22846
22853
22856
22865
22874
22877
22886
22895
22898
22907
22916
22919
22928
22937
22940
22949
22958
22961
22970
22979
22982
22991
23000
23003
23012
23021
23024
23033
23042
23045
23053
23060
23063
23071
23078
23081
23090
23099
23102
23111
23120
23123
23132
23141
23144
23153
23162
23165
23174
23183
23186
23195
23204
23207
23216
23225
23228
23237
23246
23249
23258
23267
23270
23273
23274
23276
23282
23285
23287
23288
23520
23525
23527
23558
23564
23573
23581
23586
23587
23591
23593
23636
23642
23648
23663
23671
23676
23677
23681
23682
23690
23697
23700
23709
23718
23721
23730
23739
23742
23751
23760
23763
23772
23781
23784
23793
23802
23805
23814
23823
23826
23835
23844
23847
23856
23865
23868
23877
23886
23889
23897
23904
23907
23915
23922
23925
23934
23943
23946
23955
23964
23967
23976
23985
23988
23997
24006
24009
24018
24027
24030
24039
24048
24051
24060
24069
24072
24081
24090
24093
24102
24111
24114
24121
24122
24126
24129
24131
24132
24145
24357
24363
24408
24413
24421
24427
24433
24496
24501
24506
24514
24519
24520
24526
24532
24539
24546
24549
24558
24567
24570
24579
24588
24591
24600
24609
24612
24621
24630
24633
24642
24651
24654
24663
24672
24675
24684
24693
24696
24705
24714
24717
24726
24735
24738
24746
24753
24756
24764
24771
24774
24783
24792
24795
24804
24813
24816
24825
24834
24837
24846
24855
24858
24867
24876
24879
24888
24897
24900
24909
24918
24921
24930
24939
24942
24951
24960
24963
24971
24978
24981
24985
24990
24995
24997
25211
25214
25215
25225
25228
25235
25262
25267
25272
25273
25289
25290
25293
25300
25306
25340
25345
25350
25351
25354
25361
25364
25373
25382
25385
25394
25403
25406
25415
25424
25427
25436
25445
25448
25457
25466
25469
25478
25487
25490
25499
25508
25511
25520
25529
25532
25541
25550
25553
25562
25571
25574
25582
25589
25592
25600
25607
25610
25619
25628
25631
25640
25649
25652
25661
25670
25673
25682
25691
25694
25703
25712
25715
25724
25733
25736
25745
25754
25757
25766
25775
25778
25787
25796
25799
25808
25817
25820
25823
25824
25826
25832
25835
25837
25838
26063
26068
26086
26092
26109
26114
26119
26146
26152
26158
26181
26186
26191
26200
26207
26210
26219
26228
26231
26240
26249
26252
26261
26270
26273
26282
26291
26294
26303
26312
26315
26324
26333
26336
26345
26354
26357
26366
26375
26378
26387
26396
26399
26408
26417
26420
26429
26438
26441
26450
26459
26462
26471
26480
26483
26492
26501
26504
26513
26522
26525
26534
26543
26546
26555
26564
26567
26576
26585
26588
26597
26606
26609
26618
26627
26630
26639
26648
26651
26660
26669
26672
26679
26680
26684
26687
26689
26690
26904
26909
26924
26929
26946
26951
26956
27294
27299
27304
27327
27332
27337
27346
27353
27356
27364
27371
27374
27382
27389
27392
27400
27407
27410
27418
27425
27428
27436
27443
27446
27454
27461
27464
27472
27479
27482
27490
27497
27500
27508
27515
27518
27527
27536
27539
27548
27557
27560
27569
27578
27581
27590
27599
27602
27610
27617
27620
27628
27635
27638
27646
27653
27656
27664
27671
27674
27682
27689
27692
27700
27707
27710
27718
27725
27728
27736
27743
27746
27754
27761
27764
27771
27772
27776
27779
27781
27782
27985
27990
28005
28010
28027
28032
28037
28240
28245
28250
28273
28278
28283
28292
28299
28302
28310
28317
28320
28328
28335
28338
28346
28353
28356
28364
28371
28374
28382
28389
28392
28400
28407
28410
28418
28425
28428
28436
28443
28446
28454
28461
28464
28473
28482
28485
28494
28503
28506
28515
28524
28527
28536
28545
28548
28556
28563
28566
28574
28581
28584
28592
28599
28602
28610
28617
28620
28628
28635
28638
28646
28653
28656
28664
28671
28674
28682
28689
28692
28700
28707
28710
28717
28718
28722
28725
28727
28728
28916
28921
28939
28945
28962
28967
28972
28999
29005
29011
29034
29039
29044
29053
29060
29063
29072
29081
29084
29093
29102
29105
29114
29123
29126
29135
29144
29147
29156
29165
29168
29177
29186
29189
29198
29207
29210
29219
29228
29231
29240
29249
29252
29261
29270
29273
29282
29291
29294
29303
29312
29315
29324
29333
29336
29345
29354
29357
29366
29375
29378
29387
29396
29399
29408
29417
29420
29429
29438
29441
29450
29459
29462
29471
29480
29483
29492
29501
29504
29513
29522
29525
29532
29533
29537
29540
29542
29543
29718
29727
29731
29740
29741
29743
29764
29780
29784
29789
29817
29821
29822
29824
29830
29857
29873
29876
29877
29882
29886
29895
29904
29907
29916
29925
29928
29937
29946
29949
29958
29967
29970
29979
29988
29991
30000
30009
30012
30021
30030
30033
30042
30051
30054
30063
30072
30075
30084
30093
30096
30104
30111
30114
30122
30129
30132
30141
30150
30153
30162
30171
30174
30183
30192
30195
30204
30213
30216
30225
30234
30237
30246
30255
30258
30267
30276
30279
30288
30297
30300
30309
30318
30321
30330
30339
30342
30345
30348
30349
30350
30351
30356
30357
30511
30517
30523
30552
30557
30559
30565
30571
30576
30577
30583
30670
30675
30680
30682
30688
30693
30694
30699
30700
30705
30706
30713
30720
30723
30732
30741
30744
30753
30762
30765
30774
30783
30786
30795
30804
30807
30816
30825
30828
30837
30846
30849
30858
30867
30870
30879
30888
30891
30900
30909
30912
30920
30927
30930
30938
30945
30948
30957
30966
30969
30978
30987
30990
30999
31008
31011
31020
31029
31032
31041
31050
31053
31062
31071
31074
31083
31092
31095
31104
31113
31116
31125
31134
31137
31145
31152
31155
31159
31164
31169
31170
31171
31274
31279
31297
31303
31320
31325
31330
31396
31402
31408
31431
31436
31441
31450
31457
31460
31469
31478
31481
31490
31499
31502
31511
31520
31523
31532
31541
31544
31553
31562
31565
31574
31583
31586
31595
31604
31607
31616
31625
31628
31637
31646
31649
31657
31664
31667
31675
31682
31685
31694
31703
31706
31715
31724
31727
31736
31745
31748
31757
31766
31769
31778
31787
31790
31799
31808
31811
31820
31829
31832
31841
31850
31853
31862
31871
31874
31881
31882
31886
31889
31891
31892
32001
32008
32012
32016
32021
32022
32024
32026
32043
32056
32060
32063
32065
32069
32111
32115
32116
32118
32124
32126
32148
32161
32164
32165
32169
32170
32174
32175
32183
32192
32195
32204
32213
32216
32225
32234
32237
32246
32255
32258
32267
32276
32279
32288
32297
32300
32309
32318
32321
32330
32339
32342
32351
32360
32363
32371
32378
32381
32389
32396
32399
32408
32417
32420
32429
32438
32441
32450
32459
32462
32471
32480
32483
32492
32501
32504
32513
32522
32525
32534
32543
32546
32555
32564
32567
32576
32585
32588
32591
32594
32595
32596
32597
32602
32603
32604
32712
32717
32729
32738
32745
32747
32762
32767
32772
32792
32843
32850
32851
32856
32858
32879
32884
32889
32898
32905
32906
32908
32917
32926
32929
32938
32947
32950
32959
32968
32971
32980
32989
32992
33001
33010
33013
33022
33031
33034
33043
33052
33055
33064
33073
33076
33084
33091
33094
33102
33109
33112
33121
33130
33133
33142
33151
33154
33163
33172
33175
33184
33193
33196
33205
33214
33217
33226
33235
33238
33247
33256
33259
33268
33277
33280
33287
33288
33292
33293
33295
33297
33298
33299
33396
33399
33406
33418
33434
33436
33437
33438
33449
33450
33453
33460
33466
33486
33544
33545
33550
33552
33555
33556
33572
33573
33576
33578
33583
33589
33598
33605
33606
33608
33617
33626
33629
33638
33647
33650
33659
33668
33671
33680
33689
33692
33701
33710
33713
33722
33731
33734
33743
33752
33755
33763
33770
33773
33781
33788
33791
33800
33809
33812
33821
33830
33833
33842
33851
33854
33863
33872
33875
33884
33893
33896
33905
33914
33917
33926
33935
33938
33946
33950
33951
33953
33955
33956
33957
33960
33961
34049
34052
34059
34071
34087
34089
34090
34091
34102
34103
34106
34113
34119
34139
34194
34195
34200
34202
34205
34206
34222
34223
34226
34228
34233
34239
34248
34255
34256
34258
34267
34276
34279
34288
34297
34300
34309
34318
34321
34330
34339
34342
34351
34360
34363
34372
34381
34384
34392
34399
34402
34410
34417
34420
34429
34438
34441
34450
34459
34462
34471
34480
34483
34492
34501
34504
34513
34522
34525
34534
34543
34546
34554
34558
34559
34561
34563
34564
34565
34568
34569
34649
34652
34659
34671
34673
34685
34687
34689
34690
34691
34702
34703
34706
34713
34719
34735
34739
34741
34773
34774
34777
34779
34781
34784
34785
34801
34802
34805
34807
34812
34818
34827
34832
34834
34835
34837
34838
34846
34855
34858
34867
34876
34879
34888
34897
34900
34909
34918
34921
34930
34939
34942
34950
34957
34960
34968
34975
34978
34987
34996
34999
35008
35017
35020
35029
35038
35041
35050
35059
35062
35071
35080
35083
35091
35095
35096
35098
35099
35100
35101
35102
35105
35106
35182
35190
35196
35201
35211
35214
35252
35255
35259
35260
35263
35265
35284
35300
35306
35310
35311
35316
35331
35334
35337
35397
35400
35403
35405
35410
35411
35414
35419
35421
35446
35461
35464
35465
35469
35470
35474
35475
35482
35487
35489
35490
35492
35493
35500
35507
35510
35519
35528
35531
35540
35549
35552
35560
35567
35570
35578
35585
35588
35597
35606
35609
35618
35627
35630
35638
35645
35648
35656
35661
35663
35664
35666
35667
35669
35672
35673
35674
35675
35680
35681
35682
35762
35769
35770
35780
35786
35791
35801
35804
35812
35815
35823
35826
35836
35839
35843
35847
35849
35854
35855
35856
35900
35911
35913
35914
35932
35938
35942
35943
35948
35963
35966
35969
35981
35984
35987
35999
36002
36005
36020
36023
36026
36028
36033
36037
36042
36044
36049
36051
36052
36053
36113
36124
36126
36127
36129
36144
36147
36148
36152
36153
36157
36158
36165
36170
36172
36173
36175
36176
36183
36188
36190
36191
36193
36194
36201
36206
36208
36209
36211
36212
36219
36224
36226
36227
36229
36230
36232
36235
36237
36238
36243
36244
36245
36250
36252
36253
36254
36255
)
;
    flipMap         List<bool> 
2764
(
1
1
1
0
0
0
0
0
0
1
1
1
1
0
0
0
0
0
0
1
1
1
1
1
1
1
1
0
0
0
0
1
1
0
0
0
0
1
1
1
1
1
1
1
1
1
1
1
0
0
0
1
1
0
0
0
1
1
1
1
1
1
1
1
1
1
1
1
1
1
1
1
0
0
1
1
0
0
1
1
1
1
1
1
1
1
1
1
1
1
1
1
1
1
1
1
0
0
1
1
0
0
1
1
1
1
1
1
1
1
1
1
1
1
1
1
1
1
1
1
1
1
0
0
1
0
0
1
1
1
1
1
1
1
1
1
1
1
1
1
1
1
1
1
1
1
1
1
1
1
0
0
1
1
0
0
1
1
1
1
1
1
1
1
1
1
1
1
1
1
1
1
1
1
1
1
1
0
1
0
1
1
1
1
1
1
1
1
1
1
1
1
1
1
1
1
1
1
1
1
1
1
1
1
0
0
1
0
0
1
1
1
1
1
1
1
1
1
1
1
1
1
1
1
1
1
1
1
1
1
1
1
1
1
0
1
1
0
1
1
1
1
1
1
1
1
1
1
1
1
1
1
1
1
1
1
1
1
1
1
1
0
1
0
1
1
1
1
1
1
1
1
1
1
1
1
1
1
1
1
1
1
1
1
1
1
1
1
1
0
1
0
1
1
1
1
1
1
1
1
1
1
1
1
1
1
1
1
1
1
1
1
1
1
1
1
1
0
1
0
1
1
1
1
1
1
1
1
1
1
1
1
1
1
1
1
1
1
1
1
1
1
1
1
1
0
1
0
1
1
1
1
1
1
1
1
1
1
1
1
1
1
1
1
1
1
1
1
1
1
1
1
1
0
0
1
0
0
1
1
1
1
1
1
1
1
1
1
1
1
1
1
1
1
1
1
1
1
1
1
1
1
1
1
0
1
0
1
1
1
1
1
1
1
1
1
1
1
1
1
1
1
1
1
1
1
1
1
1
1
0
1
1
0
1
1
1
1
1
1
1
1
1
1
1
1
1
1
1
1
1
1
1
1
1
1
1
1
0
0
1
0
0
1
1
1
1
1
1
1
1
1
1
1
1
1
1
1
1
1
1
1
1
1
1
1
0
1
1
0
1
1
1
1
1
1
1
1
1
1
1
1
1
1
1
1
1
1
1
1
1
1
1
1
0
0
1
1
0
0
1
1
1
1
1
1
1
1
1
1
1
1
1
1
1
1
1
1
1
1
1
0
0
1
1
0
0
1
1
1
1
1
1
1
1
1
1
1
1
1
1
1
1
1
1
1
0
0
1
1
0
0
1
1
1
1
1
1
1
1
1
1
1
1
1
1
1
1
0
0
1
1
1
0
0
1
1
1
1
1
1
1
1
1
1
1
1
1
1
1
0
0
0
0
1
1
1
1
0
0
0
0
1
1
1
1
1
1
1
1
1
1
1
1
1
1
1
1
1
1
1
1
1
1
1
1
1
1
1
1
1
1
1
1
1
1
1
1
1
1
1
1
1
1
1
1
1
1
1
1
1
1
1
1
1
1
1
1
1
1
1
1
1
1
1
1
1
1
1
1
1
0
1
1
1
0
1
1
1
1
1
1
1
1
1
1
1
1
1
1
1
1
0
1
1
1
1
0
0
1
1
1
1
1
1
1
1
1
1
1
1
1
1
0
0
1
1
0
0
0
0
0
0
0
0
0
0
0
0
0
0
0
1
0
1
0
0
1
1
1
0
0
0
0
1
1
1
1
1
1
1
1
1
0
1
0
1
1
1
1
1
1
1
1
1
1
0
1
0
0
1
1
1
1
1
1
1
1
1
1
0
0
0
0
0
0
0
0
0
0
0
0
0
0
0
0
0
0
0
0
0
0
0
0
0
0
0
0
0
0
0
0
0
1
0
1
0
0
0
0
1
1
1
1
1
1
1
0
1
0
1
1
1
1
1
1
1
0
1
0
1
0
1
1
1
1
1
1
1
0
0
0
0
0
0
0
0
0
0
0
0
0
0
0
0
0
0
0
0
0
0
0
0
0
0
0
0
0
0
0
0
0
0
0
0
0
0
0
0
0
0
0
0
1
0
1
0
0
1
1
1
1
1
0
1
0
1
1
1
1
1
1
1
0
1
0
1
0
1
1
1
1
1
1
1
0
0
0
0
0
0
0
0
0
0
0
0
0
0
0
0
0
0
0
0
0
0
0
0
0
0
0
0
0
0
0
0
0
0
0
0
0
0
0
0
0
0
0
0
0
0
0
0
0
0
1
0
1
0
0
1
1
1
1
1
0
1
0
1
1
1
1
1
1
1
0
1
0
1
0
1
1
1
1
1
1
1
0
0
0
0
0
0
0
0
0
0
0
0
0
0
0
0
0
0
0
0
0
0
0
0
0
0
0
0
0
0
0
0
0
0
0
0
0
0
0
0
0
0
0
0
0
0
0
0
0
0
0
0
0
0
0
0
1
0
1
0
0
1
1
1
1
0
0
1
1
1
1
1
1
0
0
0
1
1
1
1
1
1
0
0
0
0
0
0
0
0
0
0
0
0
0
0
0
0
0
0
0
0
0
0
0
0
0
0
0
0
0
0
0
0
0
0
0
0
0
0
0
0
0
0
0
0
0
0
0
0
0
0
0
0
0
0
0
0
0
0
0
0
0
0
0
1
1
1
1
0
1
0
1
1
1
1
1
0
1
0
0
1
1
1
1
0
0
0
0
0
0
0
0
0
0
0
0
0
0
0
0
0
0
0
0
0
0
0
0
0
0
0
0
0
0
0
0
0
0
0
0
0
0
0
0
0
0
0
0
0
0
0
0
0
0
0
0
0
0
0
0
0
0
0
0
0
0
0
1
0
1
0
0
0
0
1
1
1
0
0
1
1
1
1
1
1
0
0
0
1
1
1
1
1
1
0
0
0
0
0
0
0
0
0
0
0
0
0
0
0
0
0
0
0
0
0
0
0
0
0
0
0
0
0
0
0
0
0
0
0
0
0
0
0
0
0
0
0
0
0
0
0
0
0
0
0
0
0
0
0
0
0
0
0
0
0
0
0
0
0
0
0
0
0
1
1
1
0
0
1
1
1
0
0
0
1
0
1
1
0
0
0
0
0
0
0
0
0
0
0
0
0
0
0
0
0
0
0
0
0
0
0
0
0
0
0
0
0
0
0
0
0
0
0
0
0
0
0
0
0
0
0
0
0
0
0
0
0
0
0
0
0
0
0
0
0
0
0
0
0
0
0
0
0
0
0
0
0
0
0
1
1
1
0
1
0
1
1
1
1
1
0
1
0
0
1
1
1
1
0
0
0
0
0
0
0
0
0
0
0
0
0
0
0
0
0
0
0
0
0
0
0
0
0
0
0
0
0
0
0
0
0
0
0
0
0
0
0
0
0
0
0
0
0
0
0
0
0
0
0
0
0
0
0
0
0
0
0
0
0
0
0
0
0
0
0
0
0
1
0
1
0
0
0
0
1
1
0
0
1
1
1
0
0
0
1
1
1
0
0
0
0
0
0
0
0
0
0
0
0
0
0
0
0
0
0
0
0
0
0
0
0
0
0
0
0
0
0
0
0
0
0
0
0
0
0
0
0
0
0
0
0
0
0
0
0
0
0
0
0
0
0
0
0
0
0
0
0
0
0
0
0
0
0
0
0
0
0
0
0
0
0
0
1
1
0
0
1
1
1
0
0
0
1
1
1
0
0
0
0
0
0
0
0
0
0
0
0
0
0
0
0
0
0
0
0
0
0
0
0
0
0
0
0
0
0
0
0
0
0
0
0
0
0
0
0
0
0
0
0
0
0
0
0
0
0
0
0
0
0
0
0
0
0
0
0
0
0
0
0
0
0
0
0
0
0
0
0
0
0
0
1
1
0
0
1
1
1
0
0
0
1
1
1
0
0
0
0
0
0
0
0
0
0
0
0
0
0
0
0
0
0
0
0
0
0
0
0
0
0
0
0
0
0
0
0
0
0
0
0
0
0
0
0
0
0
0
0
0
0
0
0
0
0
0
0
0
0
0
0
0
0
0
0
0
0
0
0
0
0
0
0
0
0
0
0
0
0
0
1
1
0
0
1
1
1
0
0
0
1
1
1
0
0
0
0
0
0
0
0
0
0
0
0
0
0
0
0
0
0
0
0
0
0
0
0
0
0
0
0
0
0
0
0
0
0
0
0
0
0
0
0
0
0
0
0
0
0
0
0
0
0
0
0
0
0
0
0
0
0
0
0
0
0
0
0
0
0
0
0
0
0
0
0
0
0
0
1
0
1
0
0
0
1
0
1
1
0
0
0
0
0
1
0
0
1
1
0
0
0
0
0
0
0
0
0
0
0
0
0
0
0
0
0
0
0
0
0
0
0
0
0
0
0
0
0
0
0
0
0
0
0
0
0
0
0
0
0
0
0
0
0
0
0
0
0
0
0
0
0
0
0
0
0
0
0
0
0
0
0
0
0
0
0
0
0
0
0
0
0
0
1
1
0
0
0
0
1
1
0
1
0
0
0
0
0
1
0
1
0
1
0
0
0
0
0
0
0
0
0
0
0
0
0
0
0
0
0
0
0
0
0
0
0
0
0
0
0
0
0
0
0
0
0
0
0
0
0
0
0
0
0
0
0
0
0
0
0
0
0
0
0
0
0
0
0
0
0
0
0
0
0
0
0
0
0
0
0
0
0
0
0
0
0
1
1
0
0
1
1
1
0
0
0
1
1
1
0
0
0
0
0
0
0
0
0
0
0
0
0
0
0
0
0
0
0
0
0
0
0
0
0
0
0
0
0
0
0
0
0
0
0
0
0
0
0
0
0
0
0
0
0
0
0
0
0
0
0
0
0
0
0
0
0
0
0
0
0
0
0
0
0
0
0
0
0
1
0
1
0
0
0
0
0
1
0
1
0
1
0
0
0
0
0
0
0
1
0
0
1
0
1
0
0
0
0
0
0
0
0
0
0
0
0
0
0
0
0
0
0
0
0
0
0
0
0
0
0
0
0
0
0
0
0
0
0
0
0
0
0
0
0
0
0
0
0
0
0
0
0
0
0
0
0
0
0
0
0
0
0
0
0
0
0
0
0
0
0
0
0
0
0
1
1
0
0
0
0
1
1
1
0
0
0
0
0
0
1
1
1
0
0
0
0
0
0
0
0
0
0
0
0
0
0
0
0
0
0
0
0
0
0
0
0
0
0
0
0
0
0
0
0
0
0
0
0
0
0
0
0
0
0
0
0
0
0
0
0
0
0
0
0
0
0
0
0
0
0
0
0
0
0
0
0
0
0
1
0
1
0
0
0
0
0
0
1
0
1
1
0
0
0
0
0
0
0
0
1
0
0
1
1
0
0
0
0
0
0
0
0
0
0
0
0
0
0
0
0
0
0
0
0
0
0
0
0
0
0
0
0
0
0
0
0
0
0
0
0
0
0
0
0
0
0
0
0
0
0
0
0
0
0
0
0
0
0
0
0
0
0
0
0
0
1
0
1
0
0
0
0
0
0
1
0
1
1
0
0
0
0
0
0
0
0
1
0
0
1
1
0
0
0
0
0
0
0
0
0
0
0
0
0
0
0
0
0
0
0
0
0
0
0
0
0
0
0
0
0
0
0
0
0
0
0
0
0
0
0
0
0
0
0
0
0
0
0
0
0
0
0
0
0
0
0
1
0
1
0
0
0
0
0
0
0
0
1
0
1
1
0
0
0
0
0
0
0
0
0
0
0
1
0
0
1
1
0
0
0
0
0
0
0
0
0
0
0
0
0
0
0
0
0
0
0
0
0
0
0
0
0
0
0
0
0
0
0
0
0
0
0
0
0
0
0
0
0
0
0
0
0
0
0
0
0
0
0
0
1
0
1
0
0
0
0
0
0
0
0
0
1
0
1
0
1
0
0
0
0
0
0
0
0
0
0
0
0
0
1
0
0
1
0
1
0
0
0
0
0
0
0
0
0
0
0
0
0
0
0
0
0
0
0
0
0
0
0
0
0
0
0
0
0
0
0
0
0
0
0
0
0
0
0
0
0
0
0
0
0
0
1
0
0
0
1
0
0
0
0
0
0
0
0
0
0
0
0
0
0
0
1
0
0
0
0
1
0
1
0
0
0
0
0
0
0
0
0
0
0
0
0
0
0
0
0
0
0
0
0
0
1
0
0
0
0
0
0
1
0
1
0
0
0
0
0
0
0
0
0
0
0
0
0
0
0
0
0
0
0
0
0
0
0
0
0
0
0
0
0
0
0
0
0
0
0
0
0
0
)
;
}
)

// ************************************************************************* //
