/*--------------------------------*- C++ -*----------------------------------*\
| =========                 |                                                 |
| \\      /  F ield         | OpenFOAM: The Open Source CFD Toolbox           |
|  \\    /   O peration     | Version:  2412                                  |
|   \\  /    A nd           | Website:  www.openfoam.com                      |
|    \\/     M anipulation  |                                                 |
\*---------------------------------------------------------------------------*/
FoamFile
{
    version     2.0;
    format      ascii;
    arch        "LSB;label=32;scalar=64";
    class       cellSet;
    location    "constant/polyMesh/sets";
    object      injection1;
}
// * * * * * * * * * * * * * * * * * * * * * * * * * * * * * * * * * * * * * //


2604
(
4132
4133
4134
4135
4136
4137
4138
4139
4140
4141
4142
4143
4144
4145
4146
4147
4148
4149
4150
4151
4152
4153
4154
4155
4156
4157
4158
4159
4160
4161
4162
4163
4164
4165
4166
4167
4168
4169
4170
4171
4172
4173
4174
4175
4176
4177
4178
4179
4180
4181
4182
4183
4184
4185
4186
4187
4188
4189
4190
4191
4192
4193
4194
4195
4196
4197
4198
4199
4200
4201
4202
4203
4204
4205
4206
4207
4208
4209
4210
4211
4212
4213
4214
4215
4216
4217
4218
4219
4221
4222
4223
4224
4225
4226
4227
4228
4229
4230
4231
4232
4233
4234
4235
4236
4237
4238
4239
4240
4241
4242
4243
4244
4245
4246
4247
4248
4249
4250
4251
4252
8378
8379
8380
8381
8382
8383
8384
8385
8386
8387
8388
8389
8390
8391
8392
8393
8394
8395
8396
8397
8398
8399
8400
8401
8402
8403
8404
8405
8406
8407
8408
8409
8410
8411
8412
8413
8414
8415
8416
8417
8418
8419
8420
8421
8422
8423
8424
8425
8426
8427
8428
8429
8430
8431
8432
8433
8434
8435
306
307
308
309
310
311
312
313
314
315
316
317
4486
4487
4488
4489
4490
4491
4492
4493
4494
4495
4496
4497
4498
4499
4500
4501
4502
4503
4504
4505
4506
4507
4508
4509
4510
4511
4512
4513
4514
4515
4516
4517
4518
4519
4520
4521
4522
4523
4524
4525
8622
4526
8623
4527
8624
4528
8625
4529
8626
4530
8627
4531
8628
4532
8629
4533
8630
4534
8631
4535
8632
4536
8633
4537
8634
4538
8635
4539
8636
4540
8637
4541
8638
4542
8639
4543
8640
4544
8641
4545
8642
4546
8643
4547
8644
4548
8645
4549
8646
4550
8647
4551
8648
4552
8649
4553
8650
458
4554
8651
459
4555
8652
460
4556
8653
461
4557
8654
462
4558
8655
463
4559
8656
464
4560
8657
465
4561
8658
466
4562
8659
467
4563
8660
468
4564
8661
469
4565
8662
470
4566
8663
471
4567
8664
472
4568
8665
473
4569
8666
474
4570
8667
475
4571
8668
476
4572
8669
477
4573
478
4574
479
4575
480
481
4577
482
4578
483
4579
4580
4581
4582
4583
4584
4585
4586
4587
4588
4589
4590
4591
4592
4593
4594
4595
4596
4597
4598
4599
4600
4601
4602
4603
4604
4605
4606
4607
4608
636
637
638
639
640
641
642
643
644
645
646
647
648
649
650
651
652
653
654
655
8848
656
8849
657
8850
658
8851
659
8852
660
8853
661
8854
662
8855
663
8856
664
8857
665
8858
666
8859
667
8860
668
8861
669
8862
8863
8864
8865
8866
8867
8868
8869
8870
8871
8872
8873
8874
8875
8876
8877
8878
8879
8880
8881
4842
4843
4844
4845
4846
4847
4848
4849
4850
4851
4852
4853
4854
4855
4856
4857
4858
4859
4860
4861
4862
4863
4864
4865
4866
4867
4868
4869
4870
4871
4872
4873
4874
4875
4876
4877
4878
4879
4880
4881
4882
4883
4884
4885
4886
4887
4888
4889
4890
4891
4892
4893
4894
4895
4896
4897
4898
4899
4900
4901
4902
4903
4904
4905
4906
4907
4908
4909
4910
4911
4912
4913
4914
4915
4916
4917
4918
4919
4920
4921
4922
4923
4924
4925
4926
4927
4928
4929
4930
4931
836
837
4933
838
4934
839
4935
840
4936
841
4937
842
4938
843
4939
844
4940
845
4941
846
4942
847
4943
848
4944
849
4945
850
4946
851
4947
852
4948
853
4949
854
4950
855
4951
9048
856
4952
9049
857
4953
9050
858
4954
9051
859
4955
9052
860
4956
9053
861
4957
9054
862
4958
9055
863
4959
9056
864
4960
9057
865
4961
9058
866
4962
9059
867
4963
9060
868
4964
9061
869
9062
870
9063
871
9064
872
9065
873
9066
874
9067
875
9068
876
9069
877
9070
878
9071
879
9072
880
9073
881
882
883
9226
9227
9228
9229
9230
9231
9232
9233
9234
9235
9236
9237
1062
1063
1064
1065
1066
1067
1068
1069
1070
1071
1072
1073
1074
1075
1076
1077
1078
1079
1080
1081
1082
1083
1084
1085
1086
1087
1088
1089
1090
1091
1092
1093
1094
1095
1096
1097
1098
1099
1100
1101
1102
5198
1103
5199
1104
5200
1105
5201
1106
5202
1107
5203
1108
5204
1109
5205
1110
5206
1111
5207
1112
5208
1113
5209
1114
5210
1115
5211
1116
5212
1117
5213
1118
5214
1119
5215
5216
5217
5218
5219
5220
5221
5222
5223
5224
5225
5226
5227
5228
5229
5230
5231
5232
5233
5234
5235
5236
5237
5238
5239
5240
5241
5242
5243
5244
5245
5246
5247
5248
5249
5250
5251
5252
5253
5254
5255
5256
5257
5258
5259
5260
5261
5262
5263
5264
5265
5266
5267
5268
5269
5270
5271
5272
5273
5274
5275
5276
5277
5278
5279
5280
5281
5282
5283
5284
5285
5287
5288
5289
5290
5291
5292
5293
5294
5295
5296
5297
5298
5299
5300
5301
5302
5303
5304
5305
5306
5307
5308
5309
5310
5311
5312
5313
5314
5315
5316
5317
5318
1306
1307
1308
1309
1310
1311
1312
1313
1314
1315
1316
1317
1318
1319
1320
1321
1322
1323
1324
1325
1326
1327
1328
1329
1330
1331
1332
1333
1334
1335
1336
1337
1338
1339
1340
1341
1342
1343
1344
1345
1346
1347
1348
1349
1350
1351
1352
1353
1354
1355
1356
1357
1358
1359
1360
1361
1362
1363
1364
1365
1366
1367
1368
1369
1370
1371
5552
5553
5554
5555
5556
5557
5558
5559
5560
5561
5562
5563
5564
5565
5566
5567
5568
5569
5570
5571
5572
5573
5574
5575
5576
5577
5578
5579
5580
5581
5582
5583
5584
5585
5586
5587
5588
5589
5590
5591
5592
5593
5594
5595
5596
5597
5598
5599
5600
5601
5602
5603
5604
5605
5606
5607
5608
5609
5610
5611
5612
5613
5614
5615
5616
5617
5618
5619
5620
5621
5622
5623
5624
5625
5626
5627
5628
5629
5630
5631
5632
5633
5634
5635
5636
5637
5638
5639
5641
5642
5643
5644
5645
5646
5647
5648
5649
5650
5651
5652
5653
5654
5655
5656
5657
5658
5659
5660
5661
5662
1566
5663
1567
5664
1568
5665
1569
5666
1570
5667
1571
5668
1572
5669
1573
5670
1574
5671
1575
5672
1576
1577
1578
1579
1580
1581
1582
1583
1584
1585
1586
1587
1588
1589
1590
1591
1592
1593
1594
1595
1596
1597
1598
1599
1600
1601
1602
1603
1604
1605
1606
1607
1608
1609
1610
1611
1612
1613
1614
1615
1616
1617
1618
1619
1620
1621
1622
1623
1624
1625
1626
1627
1628
1629
1630
1631
1632
1633
1634
1635
1636
1637
1638
1639
1640
1641
1642
1643
1644
1645
5906
5907
5908
5909
5910
5911
5912
5913
5914
5915
5916
5917
5918
5919
5920
5921
5922
5923
5924
5925
5926
5927
5928
5929
5930
5931
5932
5933
5934
5935
5936
5937
5938
5939
5940
5941
5942
5943
5944
1848
5945
1849
5946
1850
5947
1851
5948
1852
5949
1853
5950
1854
5951
1855
5952
1856
5953
1857
5954
1858
5955
1859
5956
1860
5957
1861
5958
1862
5959
1863
5960
1864
5961
1865
5962
1866
5963
1867
5964
1868
5965
1869
5966
1870
5967
1871
5968
1872
5969
1873
5970
1874
5971
1875
5972
1876
5973
1877
5974
1878
5975
1879
5976
1880
5977
1881
5978
1882
5979
1883
5980
1884
5981
1885
5982
1886
5983
1887
5984
1888
5985
1889
5986
1890
5987
1891
5988
1892
5989
1893
5990
1894
5991
1895
5992
1896
5993
1897
5994
1898
5995
1899
5996
1900
5997
1901
5998
1902
5999
1903
6000
1904
6001
1905
6002
1906
6003
1907
6004
1908
6005
1909
6006
1910
6007
1911
6008
1912
6009
1913
6010
1914
6011
1915
6012
1916
6013
1917
6014
1918
6015
1919
6016
1920
6017
1921
6018
1922
6019
1923
6020
1924
6021
1925
6022
1926
6023
1927
1928
1929
1930
1931
1932
1933
2142
2143
2144
2145
2146
2147
2148
2149
2150
2151
2152
2153
2154
2155
6252
2156
6253
2157
6254
2158
6255
2159
6256
2160
6257
2161
6258
2162
6259
2163
6260
2164
6261
2165
6262
2166
6263
2167
6264
2168
6265
2169
6266
2170
6267
2171
6268
2172
6269
2173
6270
2174
6271
2175
6272
2176
6273
2177
6274
2178
6275
2179
6276
2180
6277
2181
6278
2182
6279
2183
6280
2184
6281
2185
6282
2186
6283
2187
6284
2188
6285
2189
6286
2190
6287
2191
6288
2192
6289
2193
6290
2194
6291
2195
6292
2196
6293
2197
6294
2198
6295
2199
6296
2200
6297
2201
6298
2202
6299
2203
6300
2204
6301
2205
6302
2206
6303
2207
6304
2208
6305
2209
6306
2210
6307
2211
6308
2212
6309
2213
6310
2214
6311
2215
6312
2216
6313
2217
6314
2218
6315
2219
6316
2220
6317
2221
6318
2222
6319
2223
6320
2224
6321
2225
6322
2226
6323
2227
6324
2228
6325
2229
6326
2230
6327
2231
6328
2232
6329
2233
6330
6331
6332
6333
6334
6335
6336
6337
6338
6339
6340
6341
6342
6343
6344
6345
6346
6347
6348
6349
6350
6351
6352
6353
6354
6355
6356
6357
6358
6359
6360
6361
6362
6363
6364
6365
2448
2449
2450
2451
2452
2453
2454
2455
2456
2457
2458
2459
2460
2461
2462
2463
2464
2465
2466
2467
2468
2469
2470
2471
2472
2473
2474
2475
2476
2477
2478
2479
2480
2481
2482
2483
2484
2485
2486
2487
2488
2489
2490
2491
6588
2492
6589
2493
6590
2494
6591
2495
6592
2496
6593
2497
6594
2498
6595
2499
6596
2500
6597
2501
6598
2502
6599
2503
6600
2504
6601
2505
6602
2506
6603
2507
6604
2508
6605
2509
6606
2510
6607
2511
6608
2512
6609
2513
6610
2514
6611
2515
6612
2516
6613
2517
6614
2518
6615
2519
6616
2520
6617
2521
6618
2522
6619
2523
6620
2524
6621
2525
6622
2526
6623
2527
6624
2528
6625
2529
6626
2530
6627
2531
6628
2532
6629
2533
6630
2534
6631
2535
6632
2536
6633
2537
6634
2538
6635
2539
6636
2540
6637
2541
6638
2542
6639
2543
6640
2544
6641
2545
6642
6643
6644
6645
6646
6647
6648
6649
6650
6651
6652
6653
6654
6655
6656
6657
6658
6659
6660
6661
6662
6663
6664
6665
6666
6667
6668
6669
6670
6671
6672
6673
6674
6675
6676
6677
6678
6679
6680
6681
6682
6683
6684
6685
6686
6687
6688
6689
6690
6691
6692
6693
6694
6695
2766
2767
2768
2769
2770
2771
2772
2773
2774
2775
2776
2777
2778
2779
2780
2781
2782
2783
2784
2785
2786
2787
2788
2789
2790
2791
2792
2793
2794
2795
2796
2797
2798
2799
2800
2801
2802
2803
2804
2805
2806
2807
2808
2809
2810
2811
2812
2813
2814
2815
2816
2817
2818
2819
2820
2821
6918
2822
6919
2823
6920
2824
6921
2825
6922
2826
6923
2827
6924
2828
6925
2829
6926
2830
6927
2831
6928
2832
6929
2833
6930
2834
6931
2835
6932
2836
6933
2837
6934
2838
6935
2839
6936
2840
6937
2841
6938
2842
6939
2843
6940
2844
6941
2845
6942
2846
6943
2847
6944
2848
6945
2849
6946
2850
6947
2851
6948
2852
6949
2853
6950
2854
6951
2855
6952
2856
6953
2857
6954
2858
6955
2859
6956
2860
6957
2861
6958
2862
6959
2863
6960
2864
6961
2865
6962
2866
6963
2867
6964
2868
6965
2869
6966
2870
6967
2871
6968
2872
6969
2873
6970
6971
6972
6973
6974
6975
6976
6977
6978
6979
6980
6981
6982
6983
6984
6985
6986
6987
6988
6989
6990
6991
6992
6993
6994
6995
6996
6997
6998
6999
7000
7001
7002
7003
7004
7005
7006
7007
7008
7009
7010
7011
7012
7013
7014
7015
3096
3097
3098
3099
3100
3101
3102
3103
3104
3105
3106
3107
3108
3109
3110
3111
3112
3113
3114
3115
3116
3117
3118
3119
3120
3121
3122
3123
3124
3125
3126
3127
3128
3129
3130
3131
3132
3133
3134
3135
3136
3137
3138
3139
7236
3140
7237
3141
7238
3142
7239
3143
7240
3144
7241
3145
7242
3146
7243
3147
7244
3148
7245
3149
7246
3150
7247
3151
7248
3152
7249
3153
7250
3154
7251
3155
7252
3156
7253
3157
7254
3158
7255
3159
7256
3160
7257
3161
7258
3162
7259
3163
7260
3164
7261
3165
7262
3166
7263
3167
7264
3168
7265
3169
7266
3170
7267
3171
7268
3172
7269
3173
7270
3174
7271
3175
7272
3176
7273
3177
7274
3178
7275
3179
7276
3180
7277
3181
7278
3182
7279
3183
7280
3184
7281
3185
7282
3186
7283
3187
7284
3188
7285
3189
7286
3190
7287
3191
7288
3192
7289
3193
7290
3194
7291
3195
7292
3196
7293
3197
7294
3198
7295
3199
7296
3200
7297
3201
7298
3202
7299
3203
7300
3204
7301
3205
7302
3206
7303
3207
7304
3208
7305
3209
7306
7307
7308
7309
7310
7311
7312
7313
7314
7315
7316
7317
7318
7319
7320
7321
7322
7323
7324
7325
7326
7327
3432
3433
3434
3435
3436
3437
3438
3439
3440
3441
3442
3443
3444
3445
7542
3446
7543
3447
7544
3448
7545
3449
7546
3450
7547
3451
7548
3452
7549
3453
7550
3454
7551
3455
7552
3456
7553
3457
7554
3458
7555
3459
7556
3460
7557
3461
7558
3462
7559
3463
7560
3464
7561
3465
7562
3466
7563
3467
7564
3468
7565
3469
7566
3470
7567
3471
7568
3472
7569
3473
7570
3474
7571
3475
7572
3476
7573
3477
7574
3478
7575
3479
7576
3480
7577
3481
7578
3482
7579
3483
7580
3484
7581
3485
7582
3486
7583
3487
7584
3488
7585
3489
7586
3490
7587
3491
7588
3492
7589
3493
7590
3494
7591
3495
7592
3496
7593
3497
7594
3498
7595
3499
7596
3500
7597
3501
7598
3502
7599
3503
7600
3504
7601
3505
7602
3506
7603
3507
7604
3508
7605
3509
7606
3510
7607
3511
7608
3512
7609
3513
7610
3514
7611
3515
7612
3516
7613
3517
7614
3518
7615
3519
7616
3520
7617
3521
7618
3522
7619
3523
7620
3524
7621
3525
7622
3526
7623
3527
7624
3528
7625
3529
7626
3530
7627
3531
3532
3533
3534
3535
3536
3537
3538
3539
3540
3541
3542
3543
3544
3545
3546
3547
3548
3549
7836
7837
7838
7839
7840
7841
7842
7843
7844
7845
7846
7847
7848
7849
7850
7851
7852
7853
7854
7855
7856
7857
7858
7859
7860
7861
7862
7863
7864
7865
7866
7867
7868
7869
7870
7871
7872
7873
7874
3778
7875
3779
7876
3780
7877
3781
7878
3782
7879
3783
7880
3784
7881
3785
7882
3786
7883
3787
7884
3788
7885
3789
7886
3790
7887
3791
7888
3792
7889
3793
7890
3794
7891
3795
7892
3796
7893
3797
7894
3798
7895
3799
7896
3800
7897
3801
7898
3802
7899
3803
7900
3804
7901
3805
7902
3806
7903
3807
7904
3808
7905
3809
7906
3810
7907
3811
7908
3812
7909
3813
7910
3814
7911
3815
7912
3816
7913
3817
7914
3818
7915
3819
3820
3821
3822
3823
3824
3825
3826
3827
3828
3829
3830
3831
3832
3833
3834
3835
3836
3837
3838
3839
3840
3841
3842
3843
3844
3845
3846
3847
3848
3849
3850
3851
3852
3853
3854
3855
3856
3857
3858
3859
3860
3861
3862
3863
3864
3865
3867
3868
3869
3870
3871
3872
3873
3874
3875
3876
3877
3878
3879
3880
3881
3882
3883
3884
3885
3886
3887
3888
3889
3890
3891
3892
3893
3894
3895
3896
3897
3898
8118
8119
8120
8121
8122
8123
8124
8125
8126
8127
8128
8129
8130
8131
8132
8133
8134
8135
8136
8137
8138
8139
8140
8141
8142
8143
8144
8145
8146
8147
8148
8149
8150
8151
8152
8153
8154
8155
8156
8157
8158
8159
8160
8161
8162
8163
8164
8165
8166
8167
8168
8169
8170
8171
8172
8173
8174
8175
8176
8177
8178
8179
8180
8181
8182
8183
)


// ************************************************************************* //
