/*--------------------------------*- C++ -*----------------------------------*\
| =========                 |                                                 |
| \\      /  F ield         | OpenFOAM: The Open Source CFD Toolbox           |
|  \\    /   O peration     | Version:  2412                                  |
|   \\  /    A nd           | Website:  www.openfoam.com                      |
|    \\/     M anipulation  |                                                 |
\*---------------------------------------------------------------------------*/
FoamFile
{
    version     2.0;
    format      ascii;
    arch        "LSB;label=32;scalar=64";
    class       regIOobject;
    location    "constant/polyMesh";
    object      faceZones;
    meta
    {
        names           1 ( faceMRFzone );
    }
}
// * * * * * * * * * * * * * * * * * * * * * * * * * * * * * * * * * * * * * //

1
(faceMRFzone
{
    type            faceZone;
    faceLabels      List<label> 
7448
(
22724
22730
22732
22733
22734
22739
22740
22745
22746
22751
22752
22757
22758
22760
22766
22870
22875
22877
22878
22884
22890
22896
22902
22905
22912
23015
23020
23022
23023
23029
23035
23041
23047
23050
23057
23160
23165
23167
23168
23174
23180
23186
23192
23195
23202
23305
23310
23312
23313
23319
23325
23331
23337
23340
23347
23450
23455
23457
23458
23464
23470
23476
23482
23485
23492
23595
23600
23602
23603
23609
23615
23621
23627
23630
23637
23740
23745
23747
23748
23754
23760
23766
23772
23775
23782
23885
23890
23892
23893
23899
23905
23911
23917
23920
23927
24030
24035
24037
24038
24044
24050
24056
24062
24065
24072
24179
24185
24191
24197
24203
27355
27357
27358
27359
27365
27371
27377
27383
27389
27395
27401
27407
27412
27413
27418
27419
27421
27511
27513
27514
27568
27574
27577
27668
27670
27671
27724
27730
27733
27824
27826
27827
27880
27886
27889
27980
27982
27983
28036
28042
28045
28136
28138
28139
28192
28198
28201
28292
28294
28295
28348
28354
28357
28448
28450
28451
28504
28510
28513
28604
28606
28607
28661
28667
28670
28761
28763
28764
28818
28824
28827
28923
28929
28936
28942
28948
28954
28960
28966
28971
28977
28983
32347
32348
32349
32354
32360
32366
32372
32378
32384
32390
32396
32402
32408
32414
32420
32425
32426
32431
32434
32517
32519
32595
32602
32605
32688
32690
32759
32766
32769
32852
32854
32923
32930
32933
33016
33018
33087
33094
33097
33180
33182
33251
33258
33261
33344
33346
33415
33422
33425
33508
33510
33579
33586
33589
33672
33674
33749
33756
33759
33842
33844
33920
33927
33930
34014
34021
34027
34033
34039
34045
34051
34057
34063
34069
34075
34081
34087
34092
37649
37650
37651
37656
37662
37668
37674
37680
37686
37692
37698
37704
37710
37716
37722
37728
37734
37740
37745
37748
37825
37827
37922
37925
38002
38004
38092
38095
38172
38174
38262
38265
38342
38344
38432
38435
38512
38514
38602
38605
38682
38684
38772
38775
38852
38854
38942
38945
39022
39024
39118
39121
39198
39200
39295
39298
39376
39383
39389
39395
39401
39407
39413
39419
39425
39431
39437
39443
39449
39455
39461
39466
43065
43066
43067
43072
43078
43084
43090
43096
43102
43108
43114
43120
43126
43132
43138
43144
43150
43156
43162
43168
43173
43176
43247
43249
43356
43359
43430
43432
43532
43535
43606
43608
43708
43711
43782
43784
43884
43887
43958
43960
44060
44063
44134
44136
44236
44239
44310
44312
44412
44415
44486
44488
44594
44597
44668
44670
44777
44780
44855
44862
44868
44874
44880
44886
44892
44898
44904
44910
44916
44922
44928
44934
44940
44946
44952
44957
48745
48746
48747
48752
48758
48764
48770
48776
48782
48788
48794
48800
48806
48812
48818
48824
48830
48836
48842
48848
48854
48860
48865
48936
48938
49057
49127
49129
49241
49311
49313
49425
49495
49497
49609
49679
49681
49793
49863
49865
49977
50047
50049
50161
50231
50233
50351
50421
50423
50542
50611
50618
50624
50630
50636
50642
50648
50654
50660
50666
50672
50678
50684
50690
50696
50702
50708
50714
50720
50725
54549
54551
54553
54559
54565
54571
54577
54583
54589
54595
54601
54607
54613
54619
54625
54631
54637
54643
54649
54655
54661
54667
54672
54673
54675
54738
54740
54861
54863
54927
54929
55043
55045
55109
55111
55225
55227
55291
55293
55407
55409
55473
55475
55589
55591
55655
55657
55771
55773
55837
55839
55953
55955
56019
56021
56141
56143
56207
56209
56330
56333
56400
56406
56412
56418
56424
56430
56436
56442
56448
56454
56460
56466
56472
56478
56484
56490
56496
56502
56508
56514
56519
60367
60368
60373
60379
60385
60391
60397
60403
60409
60415
60421
60427
60433
60439
60445
60451
60457
60463
60469
60475
60481
60487
60493
60499
60565
60697
60762
60887
60952
61077
61142
61267
61332
61457
61522
61647
61712
61837
61902
62033
62098
62230
62291
62297
62303
62309
62315
62321
62327
62333
62339
62345
62351
62357
62363
62369
62375
62381
62387
62393
62399
62405
62411
62417
66296
66302
66308
66314
66320
66326
66332
66338
66344
66350
66356
66362
66368
66374
66380
66386
66392
66398
66404
66410
66416
66422
66428
66433
66435
66438
66497
66633
66636
66698
66827
66830
66892
67021
67024
67086
67213
67216
67278
67393
67396
67458
67587
67590
67652
67781
67784
67846
67981
67984
68046
68182
68185
68257
68263
68269
68275
68281
68287
68293
68299
68305
68311
68317
68323
68329
68335
68341
68347
68353
68359
68365
68371
68377
68383
68388
72438
72440
72442
72448
72454
72460
72466
72472
72478
72484
72490
72496
72502
72508
72514
72520
72526
72532
72538
72544
72550
72556
72562
72568
72574
72576
72641
72643
72778
72844
72846
72974
73040
73042
73170
73236
73238
73361
73427
73429
73526
73592
73594
73722
73788
73790
73918
73984
73986
74120
74186
74188
74324
74392
74398
74404
74410
74416
74422
74428
74434
74440
74446
74452
74458
74464
74470
74476
74482
74488
74494
74500
74506
74512
74518
74523
78576
78577
78582
78588
78594
78600
78606
78612
78618
78624
78630
78636
78642
78648
78654
78660
78666
78672
78678
78684
78690
78696
78702
78708
78714
78720
78780
78924
78983
79127
79186
79330
79389
79526
79585
79685
79744
79888
79947
80091
80150
80294
80353
80497
80555
80561
80567
80573
80579
80585
80591
80597
80603
80609
80615
80621
80627
80633
80639
80645
80651
80657
80663
80669
80675
80681
80687
80693
84752
84753
84758
84764
84770
84776
84782
84788
84794
84800
84806
84812
84818
84824
84830
84836
84842
84848
84854
84860
84866
84872
84878
84884
84890
84896
84956
85100
85159
85287
85346
85474
85533
85653
85712
85794
85853
85981
86040
86168
86227
86371
86430
86574
86632
86638
86644
86650
86656
86662
86668
86674
86680
86686
86692
86698
86704
86710
86716
86722
86728
86734
86740
86746
86752
86758
86764
86770
90827
90828
90833
90839
90845
90851
90857
90863
90869
90875
90881
90887
90893
90899
90905
90911
90917
90923
90929
90935
90941
90947
90953
90959
90965
90971
91031
91175
91234
91280
91339
91385
91444
91485
91544
91561
91620
91666
91725
91771
91830
91958
92017
92161
92219
92225
92231
92237
92243
92249
92255
92261
92267
92273
92279
92285
92291
92297
92303
92309
92315
92321
92327
92333
92339
92345
92351
92357
96410
96411
96416
96422
96428
96434
96440
96446
96452
96458
96464
96470
96476
96482
96488
96494
96500
96506
96512
96518
96524
96530
96536
96542
96548
96554
96614
96758
96817
96961
97020
97164
97223
97359
97418
97513
97572
97716
97775
97919
97978
98122
98181
98325
98383
98389
98395
98401
98407
98413
98419
98425
98431
98437
98443
98449
98455
98461
98467
98473
98479
98485
98491
98497
98503
98509
98515
98521
102566
102567
102570
102572
102578
102584
102590
102596
102602
102608
102614
102620
102626
102632
102638
102644
102650
102656
102662
102668
102674
102680
102686
102692
102698
102704
102710
102770
102773
102914
102973
102976
103116
103175
103178
103318
103377
103380
103513
103572
103575
103673
103732
103735
103875
103934
103937
104077
104136
104139
104280
104339
104342
104483
104541
104547
104553
104559
104565
104571
104577
104583
104589
104595
104601
104607
104613
104619
104625
104631
104637
104643
104649
104655
104661
104667
104673
104679
108702
108708
108714
108720
108726
108732
108738
108744
108750
108756
108762
108768
108774
108780
108786
108792
108798
108804
108810
108816
108822
108828
108834
108841
108844
108903
109042
109104
109236
109298
109430
109492
109620
109682
109789
109851
109983
110045
110177
110239
110377
110439
110578
110650
110656
110662
110668
110674
110680
110686
110692
110698
110704
110710
110716
110722
110728
110734
110740
110746
110752
110758
110764
110770
110776
110782
114723
114724
114729
114735
114741
114747
114753
114759
114765
114771
114777
114783
114789
114795
114801
114807
114813
114819
114825
114831
114837
114843
114849
114854
114855
114923
115053
115055
115122
115245
115247
115314
115437
115439
115506
115629
115631
115698
115819
115821
115888
116011
116013
116080
116203
116205
116272
116401
116403
116470
116600
116602
116664
116670
116676
116682
116688
116694
116700
116706
116712
116718
116724
116730
116736
116742
116748
116754
116760
116766
116772
116778
116784
116790
120605
120606
120609
120611
120617
120623
120629
120635
120641
120647
120653
120659
120665
120671
120677
120683
120689
120695
120701
120707
120713
120719
120725
120731
120737
120797
120800
120929
120988
120991
121113
121172
121175
121297
121356
121359
121481
121540
121543
121665
121724
121727
121849
121908
121911
122033
122092
122095
122223
122282
122285
122414
122472
122478
122484
122490
122496
122502
122508
122514
122520
122526
122532
122538
122544
122550
122556
122562
122568
122574
122580
122586
122592
122598
126383
126384
126389
126395
126401
126407
126413
126419
126425
126431
126437
126443
126449
126455
126461
126467
126473
126479
126485
126491
126497
126502
126503
126576
126695
126697
126769
126881
126883
126955
127067
127069
127141
127253
127255
127327
127439
127441
127513
127625
127627
127699
127811
127813
127885
128003
128005
128078
128196
128198
128270
128276
128282
128288
128294
128300
128306
128312
128318
128324
128330
128336
128342
128348
128354
128360
128366
128372
128378
128384
132123
132124
132130
132136
132142
132148
132154
132160
132166
132172
132178
132184
132190
132196
132202
132208
132214
132220
132226
132232
132239
132241
132242
132305
132307
132422
132424
132488
132490
132598
132600
132664
132666
132774
132776
132840
132842
132950
132952
133016
133018
133126
133128
133192
133194
133302
133304
133368
133370
133478
133480
133544
133546
133660
133662
133726
133728
133843
133845
133921
133927
133933
133939
133945
133951
133957
133963
133969
133975
133981
133987
133993
133999
134005
134011
134017
134023
134029
137675
137676
137682
137688
137694
137700
137706
137712
137718
137724
137730
137736
137742
137748
137754
137760
137766
137772
137779
137781
137782
137855
137857
137960
137962
138036
138038
138134
138136
138210
138212
138308
138310
138384
138386
138482
138484
138558
138560
138656
138658
138732
138734
138830
138832
138906
138908
139004
139006
139080
139082
139184
139186
139260
139262
139365
139367
139449
139455
139461
139467
139473
139479
139485
139491
139497
139503
139509
139515
139521
139527
139533
139539
139545
143038
143039
143045
143051
143057
143063
143069
143075
143081
143087
143093
143099
143105
143111
143117
143123
143130
143132
143133
143210
143212
143303
143305
143383
143385
143469
143471
143549
143551
143635
143637
143715
143717
143801
143803
143881
143883
143967
143969
144047
144049
144133
144135
144213
144215
144299
144301
144379
144381
144471
144473
144551
144553
144644
144646
144732
144738
144744
144750
144756
144762
144768
144774
144780
144786
144792
144798
144804
144810
144816
148191
148198
148199
148202
148204
148210
148216
148222
148228
148234
148240
148246
148252
148258
148264
148269
148270
148351
148358
148361
148429
148431
148512
148519
148522
148583
148585
148666
148673
148676
148737
148739
148820
148827
148830
148891
148893
148974
148981
148984
149045
149047
149128
149135
149138
149199
149201
149282
149289
149292
149353
149355
149436
149443
149446
149513
149515
149596
149604
149607
149674
149676
149765
149771
149777
149783
149789
149795
149801
149807
149813
149819
149825
149831
153010
153017
153020
153021
153023
153027
153029
153035
153041
153047
153053
153062
153063
153064
153065
153070
153163
153171
153174
153179
153216
153217
153219
153223
153316
153324
153327
153332
153369
153370
153372
153376
153469
153477
153480
153485
153522
153523
153525
153529
153622
153630
153633
153638
153675
153676
153678
153682
153775
153783
153786
153791
153828
153829
153831
153835
153928
153936
153939
153944
153981
153982
153984
153988
154081
154089
154092
154097
154134
154135
154137
154141
154234
154242
154245
154250
154287
154288
154290
154294
154387
154395
154398
154404
154440
154441
154443
154447
154543
154549
154555
154561
154567
154573
154579
154585
157607
157613
157619
157625
157631
157745
157751
157757
157763
157769
157884
157890
157896
157902
157908
158023
158029
158035
158041
158047
158162
158168
158174
158180
158186
158301
158307
158313
158319
158325
158440
158446
158452
158458
158464
158579
158585
158591
158597
158603
158718
158724
158730
158736
158742
158857
158863
158869
158875
158881
182488
182496
182510
182514
182517
182531
182535
182538
182552
182556
182559
182573
182577
182580
182598
182615
182622
182634
182637
182640
182652
182655
182658
182670
182673
182676
182688
182691
182694
182709
182726
182733
182745
182748
182751
182763
182766
182769
182781
182784
182787
182799
182802
182805
182820
182837
182844
182856
182859
182862
182874
182877
182880
182892
182895
182898
182910
182913
182916
182931
182948
182955
182967
182970
182973
182985
182988
182991
183003
183006
183009
183021
183024
183027
183042
183059
183066
183078
183081
183084
183096
183099
183102
183114
183117
183120
183132
183135
183138
183153
183170
183177
183189
183192
183195
183207
183210
183213
183225
183228
183231
183243
183246
183249
183264
183281
183288
183300
183303
183306
183318
183321
183324
183336
183339
183342
183354
183357
183360
183375
183392
183399
183411
183414
183417
183429
183432
183435
183447
183450
183453
183465
183468
183471
183486
183503
183509
183522
183524
183527
183540
183542
183545
183558
183560
183563
183576
183578
183581
183596
183610
183619
183623
183633
183641
183644
183654
183662
183665
183675
183683
183686
183696
183704
183707
183725
183727
183743
183750
183763
183764
183768
183769
183771
183773
183777
183779
183785
183789
183798
183799
183887
183888
183890
183905
183909
183911
183917
183919
183921
183925
183941
183945
183948
183964
183978
183984
183995
183996
183999
184000
184002
184004
184007
184009
184026
184027
184109
184110
184112
184127
184130
184132
184139
184144
184158
184161
184164
184177
184191
184197
184208
184209
184212
184213
184215
184217
184220
184222
184239
184240
184322
184323
184325
184340
184343
184345
184352
184357
184371
184374
184377
184390
184404
184410
184421
184422
184425
184426
184428
184430
184433
184435
184452
184453
184535
184536
184538
184553
184556
184558
184565
184570
184584
184587
184590
184603
184617
184623
184634
184635
184638
184639
184641
184643
184646
184648
184665
184666
184748
184749
184751
184766
184769
184771
184778
184783
184797
184800
184803
184816
184830
184836
184847
184848
184851
184852
184854
184856
184859
184861
184878
184879
184961
184962
184964
184979
184982
184984
184991
184996
185010
185013
185016
185029
185043
185049
185060
185061
185064
185065
185067
185069
185072
185074
185091
185092
185174
185175
185177
185192
185195
185197
185204
185209
185223
185226
185229
185242
185256
185262
185273
185274
185277
185278
185280
185282
185285
185287
185304
185305
185387
185388
185390
185405
185408
185410
185417
185422
185436
185439
185442
185455
185469
185475
185486
185487
185490
185491
185493
185495
185498
185500
185517
185518
185600
185601
185603
185618
185621
185623
185630
185635
185649
185652
185655
185668
185682
185687
185699
185700
185702
185704
185705
185708
185711
185713
185724
185727
185730
185731
185734
185741
185744
185752
185759
185762
185770
185777
185780
185788
185795
185798
185806
185813
185816
185819
185820
185822
185831
185834
185837
185840
185842
185849
185853
185854
185856
185868
185870
185873
185886
186010
186019
186023
186033
186041
186044
186054
186062
186065
186073
186080
186083
186091
186098
186101
186109
186116
186119
186127
186134
186137
186145
186152
186155
186163
186170
186173
186183
186191
186194
186204
186212
186215
186233
186235
186252
186253
186257
186259
186261
186264
186265
186455
186456
186458
186464
186469
186484
186489
186491
186505
186506
186509
186511
186513
186516
186517
186608
186609
186611
186617
186622
186635
186639
186641
186655
186656
186659
186661
186663
186666
186667
186758
186759
186761
186767
186772
186785
186789
186791
186805
186806
186809
186811
186813
186816
186817
186908
186909
186911
186917
186922
186935
186939
186941
186955
186956
186959
186961
186963
186966
186967
187058
187059
187061
187067
187072
187085
187089
187091
187105
187106
187109
187111
187113
187116
187117
187208
187209
187211
187217
187222
187235
187239
187241
187255
187256
187259
187261
187263
187266
187267
187358
187359
187361
187367
187372
187385
187389
187391
187405
187406
187409
187411
187413
187416
187417
187508
187509
187511
187517
187522
187535
187539
187541
187555
187556
187559
187561
187563
187566
187567
187658
187659
187661
187667
187672
187685
187689
187691
187705
187706
187708
187711
187712
187716
187717
187720
187727
187730
187738
187745
187748
187756
187763
187766
187775
187784
187787
187796
187805
187808
187816
187823
187826
187834
187841
187844
187853
187862
187865
187874
187883
187886
187894
187901
187904
187912
187919
187922
187925
187926
187928
187934
187937
187939
187940
187952
187955
187957
188170
188179
188183
188191
188198
188201
188209
188216
188219
188227
188234
188237
188245
188252
188255
188263
188270
188273
188281
188288
188291
188299
188306
188309
188317
188324
188327
188335
188342
188345
188353
188360
188363
188371
188378
188381
188389
188396
188399
188408
188417
188419
188423
188430
188431
188434
188441
188442
188444
188682
188700
188706
188708
188710
188713
188717
188720
188726
188727
188730
188736
188738
188767
188786
188792
188795
188797
188801
188804
188810
188811
188814
188820
188822
188851
188870
188876
188879
188881
188885
188888
188894
188895
188898
188904
188906
189001
189020
189026
189029
189031
189035
189038
189044
189045
189048
189054
189056
189145
189164
189170
189173
189175
189179
189182
189188
189189
189192
189198
189200
189289
189308
189314
189317
189319
189323
189326
189332
189333
189336
189342
189344
189430
189449
189455
189458
189460
189464
189467
189473
189474
189477
189483
189485
189514
189533
189539
189542
189544
189548
189551
189557
189558
189561
189567
189569
189598
189617
189623
189626
189628
189632
189635
189641
189642
189645
189651
189652
189657
189664
189671
189674
189683
189692
189695
189704
189713
189716
189725
189734
189737
189746
189755
189758
189767
189776
189779
189787
189794
189797
189805
189812
189815
189824
189833
189836
189845
189854
189857
189866
189875
189878
189887
189896
189899
189908
189917
189920
189927
189928
189935
189938
189944
189950
189953
189955
189957
189958
190189
190198
190202
190210
190217
190220
190228
190235
190238
190246
190253
190256
190264
190271
190274
190282
190289
190292
190300
190307
190310
190318
190325
190328
190336
190343
190346
190354
190361
190364
190372
190379
190382
190390
190397
190400
190408
190415
190418
190426
190433
190436
190444
190451
190454
190463
190472
190474
190478
190485
190486
190489
190496
190497
190499
190776
190794
190800
190802
190804
190807
190811
190814
190820
190821
190824
190830
190832
190876
190895
190901
190904
190906
190910
190913
190919
190920
190923
190929
190931
190991
191010
191016
191019
191021
191025
191028
191034
191035
191038
191044
191046
191132
191151
191157
191160
191162
191166
191169
191175
191176
191179
191185
191187
191270
191289
191295
191298
191300
191304
191307
191313
191314
191317
191323
191325
191408
191427
191433
191436
191438
191442
191445
191451
191452
191455
191461
191463
191545
191564
191570
191573
191575
191579
191582
191588
191589
191592
191598
191600
191659
191678
191684
191687
191689
191693
191696
191702
191703
191706
191712
191714
191761
191780
191786
191789
191791
191795
191798
191804
191805
191808
191814
191815
191820
191827
191834
191837
191846
191855
191858
191867
191876
191879
191888
191897
191900
191909
191918
191921
191930
191939
191942
191951
191960
191963
191971
191978
191981
191989
191996
191999
192008
192017
192020
192029
192038
192041
192050
192059
192062
192071
192080
192083
192092
192101
192104
192113
192122
192125
192132
192133
192140
192143
192149
192155
192158
192160
192162
192163
192424
192433
192437
192445
192452
192455
192463
192470
192473
192481
192488
192491
192499
192506
192509
192517
192524
192527
192535
192542
192545
192553
192560
192563
192571
192578
192581
192589
192596
192599
192607
192614
192617
192625
192632
192635
192643
192650
192653
192661
192668
192671
192679
192686
192689
192697
192704
192707
192715
192722
192725
192734
192743
192745
192749
192756
192757
192760
192767
192768
192770
193083
193101
193107
193109
193111
193114
193118
193121
193127
193128
193131
193137
193139
193183
193202
193208
193211
193213
193217
193220
193226
193227
193230
193236
193238
193295
193314
193320
193323
193325
193329
193332
193338
193339
193342
193348
193350
193436
193455
193461
193464
193466
193470
193473
193479
193480
193483
193489
193491
193574
193593
193599
193602
193604
193608
193611
193617
193618
193621
193627
193629
193712
193731
193737
193740
193742
193746
193749
193755
193756
193759
193765
193767
193849
193868
193874
193877
193879
193883
193886
193892
193893
193896
193902
193904
193960
193979
193985
193988
193990
193994
193997
194003
194004
194007
194013
194015
194062
194081
194087
194090
194092
194096
194099
194105
194106
194109
194115
194116
194121
194128
194135
194138
194147
194156
194159
194168
194177
194180
194189
194198
194201
194210
194219
194222
194231
194240
194243
194252
194261
194264
194273
194282
194285
194293
194300
194303
194311
194318
194321
194330
194339
194342
194351
194360
194363
194372
194381
194384
194393
194402
194405
194414
194423
194426
194435
194444
194447
194456
194465
194468
194475
194476
194483
194486
194492
194498
194501
194503
194505
194506
194797
194806
194810
194818
194825
194828
194836
194843
194846
194854
194861
194864
194872
194879
194882
194890
194897
194900
194908
194915
194918
194926
194933
194936
194944
194951
194954
194962
194969
194972
194980
194987
194990
194998
195005
195008
195016
195023
195026
195034
195041
195044
195052
195059
195062
195070
195077
195080
195088
195095
195098
195106
195113
195116
195124
195131
195134
195143
195152
195154
195165
195172
195173
195178
195180
195525
195530
195535
195556
195566
195572
195573
195577
195579
195619
195625
195631
195649
195659
195665
195666
195670
195672
195725
195731
195737
195755
195765
195771
195772
195776
195778
195860
195866
195872
195890
195900
195906
195907
195911
195913
195992
195998
196004
196022
196032
196038
196039
196043
196045
196124
196130
196136
196154
196164
196170
196171
196175
196177
196255
196261
196267
196285
196295
196301
196302
196306
196308
196360
196366
196372
196390
196400
196406
196407
196411
196413
196456
196462
196468
196486
196496
196502
196503
196507
196508
196516
196523
196526
196535
196544
196547
196556
196565
196568
196577
196586
196589
196598
196607
196610
196619
196628
196631
196640
196649
196652
196661
196670
196673
196682
196691
196694
196702
196709
196712
196720
196727
196730
196739
196748
196751
196760
196769
196772
196781
196790
196793
196802
196811
196814
196823
196832
196835
196844
196853
196856
196865
196874
196877
196886
196895
196898
196905
196906
196910
196913
196915
196916
196932
197254
197263
197267
197275
197282
197285
197293
197300
197303
197311
197318
197321
197329
197336
197339
197347
197354
197357
197365
197372
197375
197383
197390
197393
197401
197408
197411
197419
197426
197429
197437
197444
197447
197455
197462
197465
197473
197480
197483
197491
197498
197501
197509
197516
197519
197527
197534
197537
197545
197552
197555
197563
197570
197573
197581
197588
197591
197599
197606
197609
197617
197624
197627
197645
197647
197662
197668
197673
197674
198047
198048
198050
198056
198061
198092
198097
198102
198103
198134
198135
198138
198145
198151
198179
198184
198189
198190
198234
198235
198238
198245
198251
198279
198284
198289
198290
198363
198364
198367
198374
198380
198408
198413
198418
198419
198489
198490
198493
198500
198506
198534
198539
198544
198545
198612
198613
198616
198623
198629
198657
198662
198667
198668
198737
198738
198741
198748
198754
198782
198787
198792
198793
198836
198837
198840
198847
198853
198881
198886
198891
198892
198926
198927
198930
198937
198943
198971
198976
198981
198982
198985
198992
198995
199004
199013
199016
199025
199034
199037
199046
199055
199058
199067
199076
199079
199088
199097
199100
199109
199118
199121
199130
199139
199142
199151
199160
199163
199172
199181
199184
199192
199199
199202
199210
199217
199220
199229
199238
199241
199250
199259
199262
199271
199280
199283
199292
199301
199304
199313
199322
199325
199334
199343
199346
199355
199364
199367
199376
199385
199388
199397
199406
199409
199412
199413
199415
199421
199424
199426
199427
199790
199798
199802
199810
199817
199820
199828
199835
199838
199846
199853
199856
199864
199871
199874
199882
199889
199892
199900
199907
199910
199918
199925
199928
199936
199943
199946
199954
199961
199964
199972
199979
199982
199990
199997
200000
200008
200015
200018
200026
200033
200036
200044
200051
200054
200062
200069
200072
200080
200087
200090
200098
200105
200108
200116
200123
200126
200134
200141
200144
200152
200159
200162
200169
200177
200179
200188
200194
200195
200200
200202
200583
200588
200593
200611
200619
200624
200625
200629
200631
200671
200677
200683
200698
200706
200711
200712
200716
200718
200771
200777
200783
200798
200806
200811
200812
200816
200818
200900
200906
200912
200927
200935
200940
200941
200945
200947
201014
201020
201026
201041
201049
201054
201055
201059
201061
201116
201122
201128
201143
201151
201156
201157
201161
201163
201241
201247
201253
201268
201276
201281
201282
201286
201288
201340
201346
201352
201367
201375
201380
201381
201385
201387
201430
201436
201442
201457
201465
201470
201471
201475
201476
201484
201491
201494
201503
201512
201515
201524
201533
201536
201545
201554
201557
201566
201575
201578
201587
201596
201599
201608
201617
201620
201629
201638
201641
201650
201659
201662
201671
201680
201683
201691
201698
201701
201709
201716
201719
201728
201737
201740
201749
201758
201761
201770
201779
201782
201791
201800
201803
201812
201821
201824
201833
201842
201845
201854
201863
201866
201875
201884
201887
201896
201905
201908
201915
201916
201920
201923
201925
201926
201939
202283
202291
202295
202303
202310
202313
202321
202328
202331
202339
202346
202349
202357
202364
202367
202375
202382
202385
202393
202400
202403
202411
202418
202421
202429
202436
202439
202447
202454
202457
202465
202472
202475
202483
202490
202493
202501
202508
202511
202519
202526
202529
202537
202544
202547
202555
202562
202565
202573
202580
202583
202591
202598
202601
202609
202616
202619
202627
202634
202637
202645
202652
202655
202662
202670
202672
202677
202678
202684
202691
202692
203095
203100
203102
203107
203115
203121
203127
203187
203192
203197
203205
203211
203217
203292
203297
203302
203310
203316
203322
203415
203420
203425
203433
203439
203445
203493
203498
203503
203511
203517
203523
203571
203576
203581
203589
203595
203601
203699
203704
203709
203717
203723
203729
203802
203807
203812
203820
203826
203832
203895
203900
203905
203913
203918
203919
203925
203931
203938
203945
203948
203957
203966
203969
203978
203987
203990
203999
204008
204011
204020
204029
204032
204041
204050
204053
204062
204071
204074
204083
204092
204095
204104
204113
204116
204125
204134
204137
204145
204152
204155
204163
204170
204173
204182
204191
204194
204203
204212
204215
204224
204233
204236
204245
204254
204257
204266
204275
204278
204287
204296
204299
204308
204317
204320
204329
204338
204341
204350
204359
204362
204370
204377
204380
204384
204389
204394
204396
204742
204751
204755
204763
204770
204773
204781
204788
204791
204799
204806
204809
204817
204824
204827
204835
204842
204845
204853
204860
204863
204871
204878
204881
204889
204896
204899
204907
204914
204917
204925
204932
204935
204943
204950
204953
204961
204968
204971
204979
204986
204989
204997
205004
205007
205015
205022
205025
205033
205040
205043
205051
205058
205061
205069
205076
205079
205087
205094
205097
205105
205112
205115
205123
205130
205133
205141
205148
205151
205169
205171
205189
205195
205200
205201
205607
205608
205610
205616
205621
205658
205663
205668
205669
205685
205686
205689
205696
205702
205736
205741
205746
205747
205763
205764
205767
205774
205780
205814
205819
205824
205825
205883
205884
205887
205894
205900
205934
205939
205944
205945
205967
205968
205971
205978
205984
206018
206023
206028
206029
206063
206064
206067
206074
206080
206114
206119
206124
206125
206177
206178
206181
206188
206194
206228
206233
206238
206239
206255
206256
206259
206266
206272
206306
206311
206316
206317
206333
206334
206337
206344
206350
206384
206389
206394
206395
206398
206405
206408
206417
206426
206429
206438
206447
206450
206459
206468
206471
206480
206489
206492
206501
206510
206513
206522
206531
206534
206543
206552
206555
206564
206573
206576
206585
206594
206597
206606
206615
206618
206626
206633
206636
206644
206651
206654
206663
206672
206675
206684
206693
206696
206705
206714
206717
206726
206735
206738
206747
206756
206759
206768
206777
206780
206789
206798
206801
206810
206819
206822
206831
206840
206843
206852
206861
206864
206867
206868
206870
206876
206879
206881
206882
207278
207286
207290
207298
207305
207308
207316
207323
207326
207334
207341
207344
207352
207359
207362
207370
207377
207380
207388
207395
207398
207406
207413
207416
207424
207431
207434
207442
207449
207452
207460
207467
207470
207478
207485
207488
207496
207503
207506
207514
207521
207524
207532
207539
207542
207550
207557
207560
207568
207575
207578
207586
207593
207596
207604
207611
207614
207622
207629
207632
207640
207647
207650
207658
207665
207668
207676
207683
207686
207693
207701
207703
207712
207718
207724
208146
208151
208156
208182
208187
208192
208219
208225
208231
208254
208259
208264
208462
208468
208474
208497
208502
208507
208972
208978
208984
209007
209012
209017
209317
209323
209329
209352
209357
209362
209701
209707
209713
209736
209741
209746
210178
210184
210190
210213
210218
210223
210250
210256
210262
210285
210290
210295
210322
210328
210334
210357
210362
210367
210376
210383
210386
210395
210404
210407
210416
210425
210428
210437
210446
210449
210458
210467
210470
210479
210488
210491
210500
210509
210512
210521
210530
210533
210542
210551
210554
210563
210572
210575
210584
210593
210596
210605
210614
210617
210626
210635
210638
210647
210656
210659
210668
210677
210680
210689
210698
210701
210710
210719
210722
210731
210740
210743
210752
210761
210764
210773
210782
210785
210794
210803
210806
210815
210824
210827
210836
210845
210848
210855
210856
210860
210863
210865
210866
211253
211261
211265
211273
211280
211283
211291
211298
211301
211309
211316
211319
211327
211334
211337
211345
211352
211355
211363
211370
211373
211381
211388
211391
211399
211406
211409
211417
211424
211427
211435
211442
211445
211453
211460
211463
211471
211478
211481
211489
211496
211499
211507
211514
211517
211525
211532
211535
211543
211550
211553
211561
211568
211571
211579
211586
211589
211597
211604
211607
211615
211622
211625
211633
211640
211643
211651
211658
211661
211668
211676
211678
211687
211693
211699
212088
212093
212098
212124
212129
212134
212274
212279
212284
212307
212312
212317
212367
212372
212377
212400
212405
212410
212566
212571
212576
212599
212604
212609
212693
212698
212703
212726
212731
212736
212847
212852
212857
212880
212885
212890
213022
213027
213032
213055
213060
213065
213088
213093
213098
213121
213126
213131
213469
213474
213479
213502
213507
213512
213521
213528
213531
213539
213546
213549
213557
213564
213567
213575
213582
213585
213593
213600
213603
213611
213618
213621
213629
213636
213639
213647
213654
213657
213665
213672
213675
213683
213690
213693
213702
213711
213714
213723
213732
213735
213744
213753
213756
213765
213774
213777
213785
213792
213795
213803
213810
213813
213821
213828
213831
213839
213846
213849
213857
213864
213867
213875
213882
213885
213893
213900
213903
213911
213918
213921
213929
213936
213939
213946
213947
213951
213954
213956
213957
214344
214352
214356
214364
214371
214374
214382
214389
214392
214400
214407
214410
214418
214425
214428
214436
214443
214446
214454
214461
214464
214472
214479
214482
214490
214497
214500
214508
214515
214518
214526
214533
214536
214544
214551
214554
214562
214569
214572
214580
214587
214590
214598
214605
214608
214616
214623
214626
214634
214641
214644
214652
214659
214662
214670
214677
214680
214688
214695
214698
214706
214713
214716
214724
214731
214734
214742
214749
214752
214759
214767
214769
214778
214784
214790
215173
215178
215183
215209
215214
215219
215314
215319
215324
215347
215352
215357
215380
215385
215390
215413
215418
215423
215673
215678
215683
215706
215711
215716
215882
215887
215892
215915
215920
215925
216118
216123
216128
216151
216156
216161
216375
216380
216385
216408
216413
216418
216441
216446
216451
216474
216479
216484
216687
216692
216697
216720
216725
216730
216739
216746
216749
216757
216764
216767
216775
216782
216785
216793
216800
216803
216811
216818
216821
216829
216836
216839
216847
216854
216857
216865
216872
216875
216883
216890
216893
216901
216908
216911
216920
216929
216932
216941
216950
216953
216962
216971
216974
216983
216992
216995
217003
217010
217013
217021
217028
217031
217039
217046
217049
217057
217064
217067
217075
217082
217085
217093
217100
217103
217111
217118
217121
217129
217136
217139
217147
217154
217157
217164
217165
217169
217172
217174
217175
217562
217570
217574
217582
217589
217592
217600
217607
217610
217618
217625
217628
217636
217643
217646
217654
217661
217664
217672
217679
217682
217690
217697
217700
217708
217715
217718
217726
217733
217736
217744
217751
217754
217762
217769
217772
217780
217787
217790
217798
217805
217808
217816
217823
217826
217834
217841
217844
217852
217859
217862
217870
217877
217880
217888
217895
217898
217906
217913
217916
217924
217931
217934
217942
217949
217952
217960
217967
217970
217977
217985
217987
217996
218002
218008
218430
218435
218440
218466
218471
218476
218503
218509
218515
218538
218543
218548
218575
218581
218587
218610
218615
218620
219058
219064
219070
219093
219098
219103
219365
219371
219377
219400
219405
219410
219709
219715
219721
219744
219749
219754
220138
220144
220150
220173
220178
220183
220210
220216
220222
220245
220250
220255
220282
220288
220294
220317
220322
220327
220336
220343
220346
220355
220364
220367
220376
220385
220388
220397
220406
220409
220418
220427
220430
220439
220448
220451
220460
220469
220472
220481
220490
220493
220502
220511
220514
220523
220532
220535
220544
220553
220556
220565
220574
220577
220586
220595
220598
220607
220616
220619
220628
220637
220640
220649
220658
220661
220670
220679
220682
220691
220700
220703
220712
220721
220724
220733
220742
220745
220754
220763
220766
220775
220784
220787
220796
220805
220808
220815
220816
220820
220823
220825
220826
221213
221225
221233
221240
221243
221251
221258
221261
221269
221276
221279
221287
221294
221297
221305
221312
221315
221323
221330
221333
221341
221348
221351
221359
221366
221369
221377
221384
221387
221395
221402
221405
221413
221420
221423
221431
221438
221441
221449
221456
221459
221467
221474
221477
221485
221492
221495
221503
221510
221513
221521
221528
221531
221539
221546
221549
221557
221564
221567
221575
221582
221585
221593
221600
221603
221611
221618
221621
221628
221636
221647
221665
221669
221674
222071
222074
222075
222077
222082
222111
222127
222131
222136
222143
222147
222148
222150
222156
222183
222199
222203
222208
222215
222219
222220
222222
222228
222255
222271
222275
222280
222329
222333
222334
222336
222342
222369
222385
222389
222394
222405
222409
222410
222412
222418
222445
222461
222465
222470
222491
222495
222496
222498
222504
222531
222547
222551
222556
222599
222603
222604
222606
222612
222639
222655
222659
222664
222671
222675
222676
222678
222684
222711
222727
222731
222736
222764
222768
222769
222771
222777
222804
222820
222823
222824
222829
222833
222842
222851
222854
222863
222872
222875
222884
222893
222896
222905
222914
222917
222926
222935
222938
222947
222956
222959
222968
222977
222980
222989
222998
223001
223010
223019
223022
223031
223040
223043
223051
223058
223061
223069
223076
223079
223088
223097
223100
223109
223118
223121
223130
223139
223142
223151
223160
223163
223172
223181
223184
223193
223202
223205
223214
223223
223226
223235
223244
223247
223256
223265
223268
223277
223286
223289
223292
223295
223296
223297
223298
223303
223304
223694
223702
223706
223714
223721
223724
223732
223739
223742
223750
223757
223760
223768
223775
223778
223786
223793
223796
223804
223811
223814
223822
223829
223832
223840
223847
223850
223858
223865
223868
223876
223883
223886
223894
223901
223904
223912
223919
223922
223930
223937
223940
223948
223955
223958
223966
223973
223976
223984
223991
223994
224002
224009
224012
224020
224027
224030
224038
224045
224048
224056
224063
224066
224073
224081
224083
224088
224089
224095
224101
224102
224103
224109
224503
224508
224510
224515
224517
224523
224529
224534
224535
224541
224589
224594
224599
224601
224607
224613
224618
224619
224625
224704
224709
224714
224716
224722
224728
224733
224734
224740
224836
224841
224846
224848
224854
224860
224865
224866
224872
224920
224925
224930
224932
224938
224944
224949
224950
224956
225004
225009
225014
225016
225022
225028
225033
225034
225040
225139
225144
225149
225151
225157
225163
225168
225169
225175
225223
225228
225233
225235
225241
225247
225252
225253
225259
225346
225351
225356
225358
225364
225369
225370
225375
225376
225381
225382
225389
225396
225399
225408
225417
225420
225429
225438
225441
225450
225459
225462
225471
225480
225483
225492
225501
225504
225513
225522
225525
225534
225543
225546
225555
225564
225567
225576
225585
225588
225596
225603
225606
225614
225621
225624
225633
225642
225645
225654
225663
225666
225675
225684
225687
225696
225705
225708
225717
225726
225729
225738
225747
225750
225759
225768
225771
225780
225789
225792
225801
225810
225813
225821
225828
225831
225835
225840
225845
225846
225847
226191
226199
226203
226211
226218
226221
226229
226236
226239
226247
226254
226257
226265
226272
226275
226283
226290
226293
226301
226308
226311
226319
226326
226329
226337
226344
226347
226355
226362
226365
226373
226380
226383
226391
226398
226401
226409
226416
226419
226427
226434
226437
226445
226452
226455
226463
226470
226473
226481
226488
226491
226499
226506
226509
226517
226524
226527
226535
226542
226545
226553
226560
226563
226570
226578
226580
226589
226595
226601
226981
226986
226991
227017
227022
227027
227054
227060
227066
227089
227094
227099
227154
227160
227166
227189
227194
227199
227283
227289
227295
227318
227323
227328
227409
227415
227421
227444
227449
227454
227535
227541
227547
227570
227575
227580
227658
227664
227670
227693
227698
227703
227730
227736
227742
227765
227770
227775
227841
227847
227853
227876
227881
227886
227895
227902
227905
227914
227923
227926
227935
227944
227947
227956
227965
227968
227977
227986
227989
227998
228007
228010
228019
228028
228031
228040
228049
228052
228061
228070
228073
228082
228091
228094
228102
228109
228112
228120
228127
228130
228139
228148
228151
228160
228169
228172
228181
228190
228193
228202
228211
228214
228223
228232
228235
228244
228253
228256
228265
228274
228277
228286
228295
228298
228307
228316
228319
228326
228327
228331
228334
228336
228337
228694
228706
228714
228721
228724
228732
228739
228742
228750
228757
228760
228768
228775
228778
228786
228793
228796
228804
228811
228814
228822
228829
228832
228840
228847
228850
228858
228865
228868
228876
228883
228886
228894
228901
228904
228912
228919
228922
228930
228937
228940
228948
228955
228958
228966
228973
228976
228984
228991
228994
229002
229009
229012
229020
229027
229030
229038
229045
229048
229056
229063
229066
229073
229081
229092
229107
229111
229115
229116
229121
229477
229480
229481
229483
229488
229490
229514
229527
229531
229534
229536
229540
229543
229547
229548
229550
229556
229558
229580
229593
229597
229600
229602
229606
229672
229676
229677
229679
229685
229687
229709
229722
229726
229729
229731
229735
229792
229796
229797
229799
229805
229807
229829
229842
229846
229849
229851
229855
229912
229916
229917
229919
229925
229927
229949
229962
229966
229969
229971
229975
230032
230036
230037
230039
230045
230047
230069
230082
230086
230089
230091
230095
230149
230153
230154
230156
230162
230164
230186
230199
230203
230206
230208
230212
230215
230219
230220
230222
230228
230230
230252
230265
230269
230272
230274
230278
230320
230324
230325
230327
230333
230335
230357
230370
230373
230374
230378
230379
230383
230384
230392
230401
230404
230413
230422
230425
230434
230443
230446
230455
230464
230467
230476
230485
230488
230497
230506
230509
230518
230527
230530
230539
230548
230551
230560
230569
230572
230580
230587
230590
230598
230605
230608
230617
230626
230629
230638
230647
230650
230659
230668
230671
230680
230689
230692
230701
230710
230713
230722
230731
230734
230743
230752
230755
230764
230773
230776
230785
230794
230797
230800
230803
230804
230805
230806
230811
230812
230813
231169
231177
231181
231189
231196
231199
231207
231214
231217
231225
231232
231235
231243
231250
231253
231261
231268
231271
231279
231286
231289
231297
231304
231307
231315
231322
231325
231333
231340
231343
231351
231358
231361
231369
231376
231379
231387
231394
231397
231405
231412
231415
231423
231430
231433
231441
231448
231451
231459
231466
231469
231477
231484
231487
231495
231502
231505
231512
231520
231522
231531
231537
231543
231560
231887
231892
231893
231897
231899
231923
231928
231933
231953
231965
231972
231973
231978
231980
232001
232006
232011
232031
232103
232110
232111
232116
232118
232139
232144
232149
232169
232235
232242
232243
232248
232250
232271
232276
232281
232301
232367
232374
232375
232380
232382
232403
232408
232413
232433
232499
232506
232507
232512
232514
232535
232540
232545
232565
232628
232635
232636
232641
232643
232664
232669
232674
232694
232706
232713
232714
232719
232721
232742
232747
232752
232772
232823
232830
232831
232836
232838
232859
232864
232869
232878
232885
232886
232888
232897
232906
232909
232918
232927
232930
232939
232948
232951
232960
232969
232972
232981
232990
232993
233002
233011
233014
233023
233032
233035
233044
233053
233056
233064
233071
233074
233082
233089
233092
233101
233110
233113
233122
233131
233134
233143
233152
233155
233164
233173
233176
233185
233194
233197
233206
233215
233218
233227
233236
233239
233248
233257
233260
233267
233268
233272
233273
233275
233277
233278
233279
233605
233613
233617
233625
233632
233635
233643
233650
233653
233661
233668
233671
233679
233686
233689
233697
233704
233707
233715
233722
233725
233733
233740
233743
233751
233758
233761
233769
233776
233779
233787
233794
233797
233805
233812
233815
233823
233830
233833
233841
233848
233851
233859
233866
233869
233877
233884
233887
233895
233902
233905
233912
233920
233922
233926
233927
233928
233931
233939
233946
233963
234259
234260
234264
234266
234270
234271
234289
234290
234293
234300
234306
234326
234345
234346
234351
234353
234356
234357
234373
234374
234377
234384
234390
234410
234489
234490
234495
234497
234500
234501
234517
234518
234521
234528
234534
234554
234627
234628
234633
234635
234638
234639
234655
234656
234659
234666
234672
234692
234765
234766
234771
234773
234776
234777
234793
234794
234797
234804
234810
234830
234903
234904
234909
234911
234914
234915
234931
234932
234935
234942
234948
234968
235038
235039
235044
235046
235049
235050
235066
235067
235070
235077
235083
235103
235122
235123
235128
235130
235133
235134
235150
235151
235154
235161
235167
235187
235245
235246
235251
235253
235256
235257
235273
235274
235277
235279
235284
235290
235299
235306
235307
235309
235318
235327
235330
235339
235348
235351
235360
235369
235372
235381
235390
235393
235402
235411
235414
235423
235432
235435
235444
235453
235456
235464
235471
235474
235482
235489
235492
235501
235510
235513
235522
235531
235534
235543
235552
235555
235564
235573
235576
235585
235594
235597
235606
235615
235618
235627
235636
235639
235647
235651
235652
235654
235656
235657
235658
235661
235662
235957
235965
235969
235977
235984
235987
235995
236002
236005
236013
236020
236023
236031
236038
236041
236049
236056
236059
236067
236074
236077
236085
236092
236095
236103
236110
236113
236121
236128
236131
236139
236146
236149
236157
236164
236167
236175
236182
236185
236193
236200
236203
236211
236218
236221
236228
236236
236238
236242
236243
236244
236247
236255
236262
236279
236539
236540
236544
236546
236550
236551
236569
236570
236573
236580
236586
236606
236625
236626
236631
236633
236636
236637
236653
236654
236657
236664
236670
236690
236768
236769
236774
236776
236779
236780
236796
236797
236800
236807
236813
236833
236906
236907
236912
236914
236917
236918
236934
236935
236938
236945
236951
236971
237044
237045
237050
237052
237055
237056
237072
237073
237076
237083
237089
237109
237182
237183
237188
237190
237193
237194
237210
237211
237214
237221
237227
237247
237317
237318
237323
237325
237328
237329
237345
237346
237349
237356
237362
237382
237401
237402
237407
237409
237412
237413
237429
237430
237433
237440
237446
237466
237521
237522
237527
237529
237532
237533
237549
237550
237553
237555
237560
237566
237575
237582
237583
237585
237594
237603
237606
237615
237624
237627
237636
237645
237648
237657
237666
237669
237678
237687
237690
237699
237708
237711
237719
237726
237729
237737
237744
237747
237756
237765
237768
237777
237786
237789
237798
237807
237810
237819
237828
237831
237840
237849
237852
237861
237870
237873
237881
237885
237886
237888
237890
237891
237892
237895
237896
238161
238169
238173
238181
238188
238191
238199
238206
238209
238217
238224
238227
238235
238242
238245
238253
238260
238263
238271
238278
238281
238289
238296
238299
238307
238314
238317
238325
238332
238335
238343
238350
238353
238361
238368
238371
238379
238386
238389
238396
238404
238406
238410
238411
238412
238415
238423
238430
238444
238447
238450
238671
238672
238675
238676
238678
238682
238683
238701
238702
238705
238712
238718
238734
238738
238740
238757
238758
238761
238763
238765
238768
238769
238785
238786
238789
238796
238802
238818
238822
238824
238871
238872
238875
238877
238879
238882
238883
238899
238900
238903
238910
238916
238932
238936
238938
239009
239010
239013
239015
239017
239020
239021
239037
239038
239041
239048
239054
239070
239074
239076
239144
239145
239148
239150
239152
239155
239156
239172
239173
239176
239183
239189
239205
239209
239211
239279
239280
239283
239285
239287
239290
239291
239307
239308
239311
239318
239324
239340
239344
239346
239411
239412
239415
239417
239419
239422
239423
239439
239440
239443
239450
239456
239472
239476
239478
239495
239496
239499
239501
239503
239506
239507
239523
239524
239527
239534
239540
239556
239560
239562
239594
239595
239598
239600
239602
239605
239606
239622
239623
239626
239628
239633
239639
239648
239653
239655
239656
239658
239659
239667
239676
239679
239688
239697
239700
239709
239718
239721
239730
239739
239742
239751
239760
239763
239771
239778
239781
239789
239796
239799
239808
239817
239820
239829
239838
239841
239850
239859
239862
239871
239880
239883
239892
239901
239904
239912
239916
239917
239919
239920
239921
239922
239923
239926
239927
240162
240174
240182
240189
240192
240200
240207
240210
240218
240225
240228
240236
240243
240246
240254
240261
240264
240272
240279
240282
240290
240297
240300
240308
240315
240318
240326
240333
240336
240344
240351
240354
240361
240369
240381
240398
240402
240406
240407
240412
240424
240427
240430
240580
240583
240586
240588
240591
240592
240594
240599
240601
240629
240645
240651
240655
240656
240661
240676
240679
240682
240742
240745
240748
240750
240755
240756
240759
240764
240766
240791
240807
240813
240817
240818
240823
240838
240841
240844
240904
240907
240910
240912
240917
240918
240921
240926
240928
240953
240969
240975
240979
240980
240985
241000
241003
241006
241066
241069
241072
241074
241079
241080
241083
241088
241090
241115
241131
241137
241141
241142
241147
241162
241165
241168
241228
241231
241234
241236
241241
241242
241245
241250
241252
241277
241293
241299
241303
241304
241309
241324
241327
241330
241390
241393
241396
241398
241403
241404
241407
241412
241414
241439
241455
241461
241465
241466
241471
241486
241489
241492
241552
241555
241558
241560
241565
241566
241569
241574
241576
241601
241617
241623
241627
241628
241633
241648
241651
241654
241714
241717
241720
241722
241727
241728
241731
241736
241738
241763
241779
241785
241789
241790
241795
241810
241813
241816
241876
241879
241882
241884
241889
241890
241893
241898
241900
241925
241940
241943
241944
241948
241949
241953
241954
241961
241966
241968
241969
241971
241972
241979
241986
241989
241998
242007
242010
242019
242028
242031
242039
242046
242049
242057
242064
242067
242076
242085
242088
242097
242106
242109
242117
242124
242127
242135
242140
242142
242143
242145
242146
242148
242151
242152
242153
242154
242159
242160
242161
242370
242382
242390
242397
242400
242408
242415
242418
242426
242433
242436
242444
242451
242454
242461
242469
242498
242511
242512
242514
242515
242534
242538
242542
242543
242548
242560
242563
242566
242578
242581
242584
242596
242599
242602
242614
242617
242620
242622
242625
242628
242633
242635
242640
242641
242643
242644
242645
242713
242724
242726
242727
242745
242751
242755
242756
242761
242776
242779
242782
242794
242797
242800
242812
242815
242818
242833
242836
242839
242841
242846
242850
242855
242857
242862
242864
242865
242866
242926
242937
242939
242940
242958
242964
242968
242969
242974
242989
242992
242995
243007
243010
243013
243025
243028
243031
243046
243049
243052
243054
243059
243063
243068
243070
243075
243077
243078
243079
243139
243150
243152
243153
243171
243177
243181
243182
243187
243202
243205
243208
243220
243223
243226
243238
243241
243244
243259
243262
243265
243267
243272
243276
243281
243283
243288
243290
243291
243292
243352
243363
243365
243366
243384
243390
243394
243395
243400
243415
243418
243421
243433
243436
243439
243451
243454
243457
243472
243475
243478
243480
243485
243489
243494
243496
243501
243503
243504
243505
243565
243576
243578
243579
243597
243603
243607
243608
243613
243628
243631
243634
243646
243649
243652
243664
243667
243670
243685
243688
243691
243693
243698
243702
243707
243709
243714
243716
243717
243718
243778
243789
243791
243792
243810
243816
243820
243821
243826
243841
243844
243847
243859
243862
243865
243877
243880
243883
243898
243901
243904
243906
243911
243915
243920
243922
243927
243929
243930
243931
243991
244002
244004
244005
244023
244029
244033
244034
244039
244054
244057
244060
244072
244075
244078
244090
244093
244096
244111
244114
244117
244119
244124
244128
244133
244135
244140
244142
244143
244144
244204
244215
244217
244218
244236
244242
244246
244247
244252
244267
244270
244273
244285
244288
244291
244303
244306
244309
244324
244327
244330
244332
244337
244341
244346
244348
244353
244355
244356
244357
244417
244428
244430
244431
244433
244448
244451
244452
244456
244457
244461
244462
244469
244474
244476
244477
244479
244480
244487
244492
244494
244495
244497
244498
244505
244510
244512
244513
244515
244516
244523
244528
244530
244531
244533
244534
244536
244539
244541
244542
244547
244548
244549
244554
244556
244557
244558
244559
)
;
    flipMap         List<bool> 
7448
(
1
1
1
0
0
0
0
0
0
0
0
0
0
0
1
1
1
1
0
0
0
0
0
0
1
1
1
1
0
0
0
0
0
0
1
1
1
1
0
0
0
0
0
0
1
1
1
1
0
0
0
0
0
0
1
1
1
1
0
0
0
0
0
0
1
1
1
1
0
0
0
0
0
0
1
1
1
1
0
0
0
0
0
0
1
1
1
1
0
0
0
0
0
0
1
1
1
1
0
0
0
0
0
0
1
1
1
1
1
1
1
1
0
0
0
0
0
0
0
0
0
0
0
0
0
0
0
1
1
0
0
0
0
1
1
0
0
0
0
1
1
0
0
0
0
1
1
0
0
0
0
1
1
0
0
0
0
1
1
0
0
0
0
1
1
0
0
0
0
1
1
0
0
0
0
1
1
0
0
0
0
1
1
1
1
1
1
1
1
1
1
1
0
0
0
0
0
0
0
0
0
0
0
0
0
0
0
0
0
1
1
0
0
0
1
1
0
0
0
1
1
0
0
0
1
1
0
0
0
1
1
0
0
0
1
1
0
0
0
1
1
0
0
0
1
1
0
0
0
1
1
0
0
0
1
1
1
1
1
1
1
1
1
1
1
1
1
1
1
1
0
0
0
0
0
0
0
0
0
0
0
0
0
0
0
0
0
0
1
1
0
0
1
1
0
0
1
1
0
0
1
1
0
0
1
1
0
0
1
1
0
0
1
1
0
0
1
1
0
0
1
1
0
0
1
1
1
1
1
1
1
1
1
1
1
1
1
1
1
1
1
1
0
0
0
0
0
0
0
0
0
0
0
0
0
0
0
0
0
0
0
0
1
1
0
0
1
1
0
0
1
1
0
0
1
1
0
0
1
1
0
0
1
1
0
0
1
1
0
0
1
1
0
0
1
1
0
0
1
1
1
1
1
1
1
1
1
1
1
1
1
1
1
1
1
1
1
1
0
0
0
0
0
0
0
0
0
0
0
0
0
0
0
0
0
0
0
0
0
0
1
0
0
1
0
0
1
0
0
1
0
0
1
0
0
1
0
0
1
0
0
1
0
0
1
0
0
1
1
1
1
1
1
1
1
1
1
1
1
1
1
1
1
1
1
1
1
1
1
1
0
0
0
0
0
0
0
0
0
0
0
0
0
0
0
0
0
0
0
0
0
0
0
1
1
0
0
1
1
0
0
1
1
0
0
1
1
0
0
1
1
0
0
1
1
0
0
1
1
0
0
1
1
0
0
1
1
0
0
1
1
1
1
1
1
1
1
1
1
1
1
1
1
1
1
1
1
1
1
1
0
0
0
0
0
0
0
0
0
0
0
0
0
0
0
0
0
0
0
0
0
0
0
1
0
1
0
1
0
1
0
1
0
1
0
1
0
1
0
1
0
1
1
1
1
1
1
1
1
1
1
1
1
1
1
1
1
1
1
1
1
1
1
1
1
0
0
0
0
0
0
0
0
0
0
0
0
0
0
0
0
0
0
0
0
0
0
0
0
0
1
0
0
1
0
0
1
0
0
1
0
0
1
0
0
1
0
0
1
0
0
1
0
0
1
0
0
1
1
1
1
1
1
1
1
1
1
1
1
1
1
1
1
1
1
1
1
1
1
1
1
1
0
0
0
0
0
0
0
0
0
0
0
0
0
0
0
0
0
0
0
0
0
0
0
0
1
1
0
1
1
0
1
1
0
1
1
0
1
1
0
1
1
0
1
1
0
1
1
0
1
1
0
1
1
1
1
1
1
1
1
1
1
1
1
1
1
1
1
1
1
1
1
1
1
1
0
0
0
0
0
0
0
0
0
0
0
0
0
0
0
0
0
0
0
0
0
0
0
0
0
1
0
1
0
1
0
1
0
1
0
1
0
1
0
1
0
1
0
1
1
1
1
1
1
1
1
1
1
1
1
1
1
1
1
1
1
1
1
1
1
1
1
1
0
0
0
0
0
0
0
0
0
0
0
0
0
0
0
0
0
0
0
0
0
0
0
0
0
1
0
1
0
1
0
1
0
1
0
1
0
1
0
1
0
1
0
1
1
1
1
1
1
1
1
1
1
1
1
1
1
1
1
1
1
1
1
1
1
1
1
1
0
0
0
0
0
0
0
0
0
0
0
0
0
0
0
0
0
0
0
0
0
0
0
0
0
1
0
1
0
1
0
1
0
1
0
1
0
1
0
1
0
1
0
1
1
1
1
1
1
1
1
1
1
1
1
1
1
1
1
1
1
1
1
1
1
1
1
1
0
0
0
0
0
0
0
0
0
0
0
0
0
0
0
0
0
0
0
0
0
0
0
0
0
1
0
1
0
1
0
1
0
1
0
1
0
1
0
1
0
1
0
1
1
1
1
1
1
1
1
1
1
1
1
1
1
1
1
1
1
1
1
1
1
1
1
1
0
0
0
0
0
0
0
0
0
0
0
0
0
0
0
0
0
0
0
0
0
0
0
0
0
0
1
0
0
1
0
0
1
0
0
1
0
0
1
0
0
1
0
0
1
0
0
1
0
0
1
0
0
1
1
1
1
1
1
1
1
1
1
1
1
1
1
1
1
1
1
1
1
1
1
1
1
1
1
0
0
0
0
0
0
0
0
0
0
0
0
0
0
0
0
0
0
0
0
0
0
0
0
1
0
1
0
1
0
1
0
1
0
1
0
1
0
1
0
1
0
1
1
1
1
1
1
1
1
1
1
1
1
1
1
1
1
1
1
1
1
1
1
1
0
0
0
0
0
0
0
0
0
0
0
0
0
0
0
0
0
0
0
0
0
0
0
1
1
0
1
1
0
1
1
0
1
1
0
1
1
0
1
1
0
1
1
0
1
1
0
1
1
0
1
1
1
1
1
1
1
1
1
1
1
1
1
1
1
1
1
1
1
1
1
1
1
1
0
0
0
0
0
0
0
0
0
0
0
0
0
0
0
0
0
0
0
0
0
0
0
0
1
0
0
1
0
0
1
0
0
1
0
0
1
0
0
1
0
0
1
0
0
1
0
0
1
0
0
1
1
1
1
1
1
1
1
1
1
1
1
1
1
1
1
1
1
1
1
1
1
1
0
0
0
0
0
0
0
0
0
0
0
0
0
0
0
0
0
0
0
0
0
1
1
0
1
1
0
1
1
0
1
1
0
1
1
0
1
1
0
1
1
0
1
1
0
1
1
0
1
1
1
1
1
1
1
1
1
1
1
1
1
1
1
1
1
1
1
1
1
1
1
1
0
0
0
0
0
0
0
0
0
0
0
0
0
0
0
0
0
0
0
0
0
1
1
0
0
1
1
0
0
1
1
0
0
1
1
0
0
1
1
0
0
1
1
0
0
1
1
0
0
1
1
0
0
1
1
0
0
1
1
1
1
1
1
1
1
1
1
1
1
1
1
1
1
1
1
1
1
1
0
0
0
0
0
0
0
0
0
0
0
0
0
0
0
0
0
0
0
1
1
0
0
1
1
0
0
1
1
0
0
1
1
0
0
1
1
0
0
1
1
0
0
1
1
0
0
1
1
0
0
1
1
0
0
1
1
1
1
1
1
1
1
1
1
1
1
1
1
1
1
1
1
1
0
0
0
0
0
0
0
0
0
0
0
0
0
0
0
0
0
1
1
0
0
1
1
0
0
1
1
0
0
1
1
0
0
1
1
0
0
1
1
0
0
1
1
0
0
1
1
0
0
1
1
0
0
1
1
1
1
1
1
1
1
1
1
1
1
1
1
1
1
0
0
0
0
0
0
0
0
0
0
0
0
0
0
1
1
1
0
0
1
1
1
0
0
1
1
1
0
0
1
1
1
0
0
1
1
1
0
0
1
1
1
0
0
1
1
1
0
0
1
1
1
0
0
1
1
1
0
0
1
1
1
1
1
1
1
1
1
1
1
1
1
1
1
0
0
0
0
0
0
0
0
0
0
0
0
1
1
1
1
0
0
0
0
1
1
1
1
0
0
0
0
1
1
1
1
0
0
0
0
1
1
1
1
0
0
0
0
1
1
1
1
0
0
0
0
1
1
1
1
0
0
0
0
1
1
1
1
0
0
0
0
1
1
1
1
0
0
0
0
1
1
1
1
0
0
0
0
1
1
1
1
1
1
1
1
1
1
1
1
1
1
1
1
1
1
1
1
1
1
1
1
1
1
1
1
1
1
1
1
1
1
1
1
1
1
1
1
1
1
1
1
1
1
1
1
1
1
1
1
1
1
1
1
1
1
1
1
1
1
1
1
1
1
1
1
1
1
1
1
1
1
1
1
1
1
1
1
1
1
1
1
1
1
1
1
1
1
1
1
1
1
1
1
1
1
1
1
1
1
1
1
1
1
1
1
1
1
1
1
1
1
1
1
1
1
1
1
1
1
1
1
1
1
1
1
1
1
1
1
1
1
1
1
1
1
1
1
1
1
1
1
1
1
1
1
1
1
1
1
1
1
1
1
1
1
1
1
1
1
1
1
1
1
1
1
1
1
1
1
1
1
1
1
1
1
1
1
1
1
1
1
1
1
1
1
1
1
1
1
1
1
1
1
1
1
1
1
1
1
1
1
1
1
1
1
1
1
1
1
1
1
1
1
1
1
1
1
1
1
1
1
1
1
1
1
1
1
1
1
1
1
1
1
1
1
0
0
1
1
1
0
1
1
1
1
0
0
0
0
1
1
1
1
1
1
1
1
1
1
1
1
1
1
1
1
1
0
1
1
1
1
0
0
1
1
1
1
1
1
1
1
1
1
1
1
1
1
1
1
1
0
1
1
1
1
0
0
1
1
1
1
1
1
1
1
1
1
1
1
1
1
1
1
1
0
1
1
1
1
0
0
1
1
1
1
1
1
1
1
1
1
1
1
1
1
1
1
1
0
1
1
1
1
0
0
1
1
1
1
1
1
1
1
1
1
1
1
1
1
1
1
1
0
1
1
1
1
0
0
1
1
1
1
1
1
1
1
1
1
1
1
1
1
1
1
1
0
1
1
1
1
0
0
1
1
1
1
1
1
1
1
1
1
1
1
1
1
1
1
1
0
1
1
1
1
0
0
1
1
1
1
1
1
1
1
1
1
1
1
1
1
1
1
1
0
1
1
1
1
0
0
1
1
1
1
1
1
1
1
1
1
1
1
1
1
0
0
1
1
0
0
0
0
0
0
0
0
0
0
0
0
0
0
0
1
0
1
0
0
1
1
1
0
0
0
0
1
1
1
1
1
1
1
1
1
1
1
1
1
1
1
1
1
1
1
1
1
1
1
1
1
1
1
1
1
1
1
1
1
1
1
1
1
1
1
1
1
1
1
1
1
1
1
0
1
0
0
1
1
1
1
1
1
1
1
1
1
1
0
1
0
0
1
1
1
1
1
1
1
1
1
1
1
0
1
0
0
1
1
1
1
1
1
1
1
1
1
1
0
1
0
0
1
1
1
1
1
1
1
1
1
1
1
0
1
0
0
1
1
1
1
1
1
1
1
1
1
1
0
1
0
0
1
1
1
1
1
1
1
1
1
1
1
0
1
0
0
1
1
1
1
1
1
1
1
1
1
1
0
1
0
0
1
1
1
1
1
1
1
1
1
1
1
0
1
0
0
1
1
1
1
1
1
1
1
1
1
0
0
0
0
0
0
0
0
0
0
0
0
0
0
0
0
0
0
0
0
0
0
0
0
0
0
0
0
0
0
0
0
0
1
0
1
0
0
0
0
1
1
1
1
1
1
1
1
1
1
1
1
1
1
1
1
1
1
1
1
1
1
1
1
1
1
1
1
1
1
1
1
1
1
1
1
1
1
1
1
1
1
1
1
1
1
1
1
1
0
1
1
0
1
0
0
1
0
1
1
1
1
1
1
1
0
1
0
1
0
1
1
1
1
1
1
1
0
1
0
1
0
1
1
1
1
1
1
1
0
1
0
1
0
1
1
1
1
1
1
1
0
1
0
1
0
1
1
1
1
1
1
1
0
1
0
1
0
1
1
1
1
1
1
1
0
1
0
1
0
1
1
1
1
1
1
1
0
1
0
1
0
1
1
1
1
1
1
1
0
1
0
1
0
1
1
1
1
1
1
1
0
0
0
0
0
0
0
0
0
0
0
0
0
0
0
0
0
0
0
0
0
0
0
0
0
0
0
0
0
0
0
0
0
0
0
0
0
0
0
0
0
0
0
0
1
0
1
0
0
1
1
1
1
1
1
1
1
1
1
1
1
1
1
1
1
1
1
1
1
1
1
1
1
1
1
1
1
1
1
1
1
1
1
1
1
1
1
1
1
1
1
1
1
1
1
1
1
1
1
1
1
1
0
1
1
0
1
0
0
1
0
1
1
1
1
1
1
1
0
1
0
1
0
1
1
1
1
1
1
1
0
1
0
1
0
1
1
1
1
1
1
1
0
1
0
1
0
1
1
1
1
1
1
1
0
1
0
1
0
1
1
1
1
1
1
1
0
1
0
1
0
1
1
1
1
1
1
1
0
1
0
1
0
1
1
1
1
1
1
1
0
1
0
1
0
1
1
1
1
1
1
1
0
1
0
1
0
1
1
1
1
1
1
1
0
0
0
0
0
0
0
0
0
0
0
0
0
0
0
0
0
0
0
0
0
0
0
0
0
0
0
0
0
0
0
0
0
0
0
0
0
0
0
0
0
0
0
0
0
0
0
0
0
0
1
0
1
0
0
1
1
1
1
1
1
1
1
1
1
1
1
1
1
1
1
1
1
1
1
1
1
1
1
1
1
1
1
1
1
1
1
1
1
1
1
1
1
1
1
1
1
1
1
1
1
1
1
1
1
1
1
1
1
1
1
1
1
1
0
1
1
0
1
0
0
1
0
1
1
1
1
1
1
1
0
1
0
1
0
1
1
1
1
1
1
1
0
1
0
1
0
1
1
1
1
1
1
1
0
1
0
1
0
1
1
1
1
1
1
1
0
1
0
1
0
1
1
1
1
1
1
1
0
1
0
1
0
1
1
1
1
1
1
1
0
1
0
1
0
1
1
1
1
1
1
1
0
1
0
1
0
1
1
1
1
1
1
1
0
1
0
1
0
1
1
1
1
1
1
1
0
0
0
0
0
0
0
0
0
0
0
0
0
0
0
0
0
0
0
0
0
0
0
0
0
0
0
0
0
0
0
0
0
0
0
0
0
0
0
0
0
0
0
0
0
0
0
0
0
0
0
0
0
0
0
0
1
0
1
0
0
1
1
1
1
1
1
1
1
1
1
1
1
1
1
1
1
1
1
1
1
1
1
1
1
1
1
1
1
1
1
1
1
1
1
1
1
1
1
1
1
1
1
1
1
1
1
1
1
1
1
1
1
1
1
1
1
1
1
1
1
1
1
1
1
1
1
0
0
0
1
1
1
1
1
1
0
0
0
1
1
1
1
1
1
0
0
0
1
1
1
1
1
1
0
0
0
1
1
1
1
1
1
0
0
0
1
1
1
1
1
1
0
0
0
1
1
1
1
1
1
0
0
0
1
1
1
1
1
1
0
0
0
1
1
1
1
1
1
0
0
0
1
1
1
1
1
1
0
0
0
0
0
0
0
0
0
0
0
0
0
0
0
0
0
0
0
0
0
0
0
0
0
0
0
0
0
0
0
0
0
0
0
0
0
0
0
0
0
0
0
0
0
0
0
0
0
0
0
0
0
0
0
0
0
0
0
0
0
0
0
1
1
1
1
1
1
1
1
1
1
1
1
1
1
1
1
1
1
1
1
1
1
1
1
1
1
1
1
1
1
1
1
1
1
1
1
1
1
1
1
1
1
1
1
1
1
1
1
1
1
1
1
1
1
1
1
1
1
1
1
1
1
1
1
1
1
1
1
1
1
1
0
1
0
0
1
1
1
1
1
0
1
0
0
1
1
1
1
1
0
1
0
0
1
1
1
1
1
0
1
0
0
1
1
1
1
1
0
1
0
0
1
1
1
1
1
0
1
0
0
1
1
1
1
1
0
1
0
0
1
1
1
1
1
0
1
0
0
1
1
1
1
1
0
1
0
0
1
1
1
1
0
0
0
0
0
0
0
0
0
0
0
0
0
0
0
0
0
0
0
0
0
0
0
0
0
0
0
0
0
0
0
0
0
0
0
0
0
0
0
0
0
0
0
0
0
0
0
0
0
0
0
0
0
0
0
0
0
0
0
0
0
0
0
1
0
1
0
0
0
0
1
1
1
1
1
1
1
1
1
1
1
1
1
1
1
1
1
1
1
1
1
1
1
1
1
1
1
1
1
1
1
1
1
1
1
1
1
1
1
1
1
1
1
1
1
1
1
1
1
1
1
1
1
1
1
1
1
1
1
1
1
1
1
1
1
1
1
1
1
1
1
0
0
0
1
1
1
1
1
1
0
0
0
1
1
1
1
1
1
0
0
0
1
1
1
1
1
1
0
0
0
1
1
1
1
1
1
0
0
0
1
1
1
1
1
1
0
0
0
1
1
1
1
1
1
0
0
0
1
1
1
1
1
1
0
0
0
1
1
1
1
1
1
0
0
0
1
1
1
1
1
1
0
0
0
0
0
0
0
0
0
0
0
0
0
0
0
0
0
0
0
0
0
0
0
0
0
0
0
0
0
0
0
0
0
0
0
0
0
0
0
0
0
0
0
0
0
0
0
0
0
0
0
0
0
0
0
0
0
0
0
0
0
0
0
0
0
0
0
0
0
1
1
1
1
1
1
1
1
1
1
1
1
1
1
1
1
1
1
1
1
1
1
1
1
1
1
1
1
1
1
1
1
1
1
1
1
1
1
1
1
1
1
1
1
1
1
1
1
1
1
1
1
1
1
1
1
1
1
1
1
1
1
1
1
1
1
1
0
1
1
0
1
0
0
0
0
1
1
1
0
0
0
1
1
1
0
0
0
1
1
1
0
0
0
1
1
1
0
0
0
1
1
1
0
0
0
1
1
1
0
0
0
1
1
1
0
0
0
1
1
1
0
0
0
1
0
1
1
0
0
0
0
0
0
0
0
0
0
0
0
0
0
0
0
0
0
0
0
0
0
0
0
0
0
0
0
0
0
0
0
0
0
0
0
0
0
0
0
0
0
0
0
0
0
0
0
0
0
0
0
0
0
0
0
0
0
0
0
0
0
0
0
0
0
0
0
0
0
0
1
1
1
1
1
1
1
1
1
1
1
1
1
1
1
1
1
1
1
1
1
1
1
1
1
1
1
1
1
1
1
1
1
1
1
1
1
1
1
1
1
1
1
1
1
1
1
1
1
1
1
1
1
1
1
1
1
1
1
1
1
1
1
1
1
1
1
1
1
1
1
1
1
1
1
1
0
1
0
0
1
1
1
1
1
0
1
0
0
1
1
1
1
1
0
1
0
0
1
1
1
1
1
0
1
0
0
1
1
1
1
1
0
1
0
0
1
1
1
1
1
0
1
0
0
1
1
1
1
1
0
1
0
0
1
1
1
1
1
0
1
0
0
1
1
1
1
1
0
1
0
0
1
1
1
1
0
0
0
0
0
0
0
0
0
0
0
0
0
0
0
0
0
0
0
0
0
0
0
0
0
0
0
0
0
0
0
0
0
0
0
0
0
0
0
0
0
0
0
0
0
0
0
0
0
0
0
0
0
0
0
0
0
0
0
0
0
0
0
0
0
0
0
0
0
1
0
1
0
0
0
0
1
1
1
1
1
1
1
1
1
1
1
1
1
1
1
1
1
1
1
1
1
1
1
1
1
1
1
1
1
1
1
1
1
1
1
1
1
1
1
1
1
1
1
1
1
1
1
1
1
1
1
1
1
1
1
1
1
1
1
1
1
1
1
1
1
1
1
1
1
1
1
1
1
1
1
0
0
0
1
1
1
0
0
0
1
1
1
0
0
0
1
1
1
0
0
0
1
1
1
0
0
0
1
1
1
0
0
0
1
1
1
0
0
0
1
1
1
0
0
0
1
1
1
0
0
0
1
1
1
0
0
0
0
0
0
0
0
0
0
0
0
0
0
0
0
0
0
0
0
0
0
0
0
0
0
0
0
0
0
0
0
0
0
0
0
0
0
0
0
0
0
0
0
0
0
0
0
0
0
0
0
0
0
0
0
0
0
0
0
0
0
0
0
0
0
0
0
0
0
0
0
0
0
0
1
1
1
1
1
1
1
1
1
1
1
1
1
1
1
1
1
1
1
1
1
1
1
1
1
1
1
1
1
1
1
1
1
1
1
1
1
1
1
1
1
1
1
1
1
1
1
1
1
1
1
1
1
1
1
1
1
1
1
1
1
1
1
1
1
1
1
1
1
1
1
1
1
1
1
0
0
0
1
1
1
0
0
0
1
1
1
0
0
0
1
1
1
0
0
0
1
1
1
0
0
0
1
1
1
0
0
0
1
1
1
0
0
0
1
1
1
0
0
0
1
1
1
0
0
0
1
1
1
0
0
0
0
0
0
0
0
0
0
0
0
0
0
0
0
0
0
0
0
0
0
0
0
0
0
0
0
0
0
0
0
0
0
0
0
0
0
0
0
0
0
0
0
0
0
0
0
0
0
0
0
0
0
0
0
0
0
0
0
0
0
0
0
0
0
0
0
0
0
0
0
0
0
0
1
1
1
1
1
1
1
1
1
1
1
1
1
1
1
1
1
1
1
1
1
1
1
1
1
1
1
1
1
1
1
1
1
1
1
1
1
1
1
1
1
1
1
1
1
1
1
1
1
1
1
1
1
1
1
1
1
1
1
1
1
1
1
1
1
1
1
1
1
1
1
1
1
1
1
0
0
0
1
1
1
0
0
0
1
1
1
0
0
0
1
1
1
0
0
0
1
1
1
0
0
0
1
1
1
0
0
0
1
1
1
0
0
0
1
1
1
0
0
0
1
1
1
0
0
0
1
1
1
0
0
0
0
0
0
0
0
0
0
0
0
0
0
0
0
0
0
0
0
0
0
0
0
0
0
0
0
0
0
0
0
0
0
0
0
0
0
0
0
0
0
0
0
0
0
0
0
0
0
0
0
0
0
0
0
0
0
0
0
0
0
0
0
0
0
0
0
0
0
0
0
0
0
0
1
1
1
1
1
1
1
1
1
1
1
1
1
1
1
1
1
1
1
1
1
1
1
1
1
1
1
1
1
1
1
1
1
1
1
1
1
1
1
1
1
1
1
1
1
1
1
1
1
1
1
1
1
1
1
1
1
1
1
1
1
1
1
1
1
1
1
1
1
1
1
1
1
1
1
0
0
0
1
1
1
0
0
0
1
1
1
0
0
0
1
1
1
0
0
0
1
1
1
0
0
0
1
1
1
0
0
0
1
1
1
0
0
0
1
1
1
0
0
0
1
1
1
0
0
0
1
1
1
0
0
0
0
0
0
0
0
0
0
0
0
0
0
0
0
0
0
0
0
0
0
0
0
0
0
0
0
0
0
0
0
0
0
0
0
0
0
0
0
0
0
0
0
0
0
0
0
0
0
0
0
0
0
0
0
0
0
0
0
0
0
0
0
0
0
0
0
0
0
0
0
0
0
0
1
1
1
1
1
1
1
1
1
1
1
1
1
1
1
1
1
1
1
1
1
1
1
1
1
1
1
1
1
1
1
1
1
1
1
1
1
1
1
1
1
1
1
1
1
1
1
1
1
1
1
1
1
1
1
1
1
1
1
1
1
1
1
1
1
1
1
1
1
1
1
0
1
1
0
0
0
0
0
1
0
1
1
0
0
0
0
0
1
0
1
1
0
0
0
0
0
1
0
1
1
0
0
0
0
0
1
0
1
1
0
0
0
0
0
1
0
1
1
0
0
0
0
0
1
0
1
1
0
0
0
0
0
1
0
1
1
0
0
0
0
0
1
0
1
1
0
0
0
0
0
1
0
0
1
1
0
0
0
0
0
0
0
0
0
0
0
0
0
0
0
0
0
0
0
0
0
0
0
0
0
0
0
0
0
0
0
0
0
0
0
0
0
0
0
0
0
0
0
0
0
0
0
0
0
0
0
0
0
0
0
0
0
0
0
0
0
0
0
0
0
0
0
0
0
0
0
0
0
0
1
1
1
1
1
1
1
1
1
1
1
1
1
1
1
1
1
1
1
1
1
1
1
1
1
1
1
1
1
1
1
1
1
1
1
1
1
1
1
1
1
1
1
1
1
1
1
1
1
1
1
1
1
1
1
1
1
1
1
1
1
1
1
1
1
1
0
1
1
0
0
1
0
0
0
0
0
0
1
1
0
1
0
0
0
0
0
1
1
0
1
0
0
0
0
0
1
1
0
1
0
0
0
0
0
1
1
0
1
0
0
0
0
0
1
1
0
1
0
0
0
0
0
1
1
0
1
0
0
0
0
0
1
1
0
1
0
0
0
0
0
1
1
0
1
0
0
0
0
0
1
0
1
0
1
0
0
0
0
0
0
0
0
0
0
0
0
0
0
0
0
0
0
0
0
0
0
0
0
0
0
0
0
0
0
0
0
0
0
0
0
0
0
0
0
0
0
0
0
0
0
0
0
0
0
0
0
0
0
0
0
0
0
0
0
0
0
0
0
0
0
0
0
0
0
0
0
0
1
1
1
1
1
1
1
1
1
1
1
1
1
1
1
1
1
1
1
1
1
1
1
1
1
1
1
1
1
1
1
1
1
1
1
1
1
1
1
1
1
1
1
1
1
1
1
1
1
1
1
1
1
1
1
1
1
1
1
1
1
1
1
1
1
1
1
1
1
0
0
0
1
1
1
0
0
0
1
1
1
0
0
0
1
1
1
0
0
0
1
1
1
0
0
0
1
1
1
0
0
0
1
1
1
0
0
0
1
1
1
0
0
0
1
1
1
0
0
0
1
1
1
0
0
0
0
0
0
0
0
0
0
0
0
0
0
0
0
0
0
0
0
0
0
0
0
0
0
0
0
0
0
0
0
0
0
0
0
0
0
0
0
0
0
0
0
0
0
0
0
0
0
0
0
0
0
0
0
0
0
0
0
0
0
0
0
0
0
0
0
0
1
1
1
1
1
1
1
1
1
1
1
1
1
1
1
1
1
1
1
1
1
1
1
1
1
1
1
1
1
1
1
1
1
1
1
1
1
1
1
1
1
1
1
1
1
1
1
1
1
1
1
1
1
1
1
1
1
1
1
1
1
1
1
1
1
0
1
0
1
0
0
0
0
0
0
0
1
0
1
0
1
0
0
0
0
0
0
0
1
0
1
0
1
0
0
0
0
0
0
0
1
0
1
0
1
0
0
0
0
0
0
0
1
0
1
0
1
0
0
0
0
0
0
0
1
0
1
0
1
0
0
0
0
0
0
0
1
0
1
0
1
0
0
0
0
0
0
0
1
0
1
0
1
0
0
0
0
0
0
0
1
0
1
0
1
0
0
0
0
0
0
0
1
0
0
1
0
1
0
0
0
0
0
0
0
0
0
0
0
0
0
0
0
0
0
0
0
0
0
0
0
0
0
0
0
0
0
0
0
0
0
0
0
0
0
0
0
0
0
0
0
0
0
0
0
0
0
0
0
0
0
0
0
0
0
0
0
0
0
0
0
0
0
0
0
0
0
0
1
1
1
1
1
1
1
1
1
1
1
1
1
1
1
1
1
1
1
1
1
1
1
1
1
1
1
1
1
1
1
1
1
1
1
1
1
1
1
1
1
1
1
1
1
1
1
1
1
1
1
1
1
1
1
1
1
1
1
1
1
1
1
0
0
0
0
0
0
1
1
1
0
0
0
0
0
0
1
1
1
0
0
0
0
0
0
1
1
1
0
0
0
0
0
0
1
1
1
0
0
0
0
0
0
1
1
1
0
0
0
0
0
0
1
1
1
0
0
0
0
0
0
1
1
1
0
0
0
0
0
0
1
1
1
0
0
0
0
0
0
1
1
1
0
0
0
0
0
0
0
0
0
0
0
0
0
0
0
0
0
0
0
0
0
0
0
0
0
0
0
0
0
0
0
0
0
0
0
0
0
0
0
0
0
0
0
0
0
0
0
0
0
0
0
0
0
0
0
0
0
0
0
0
0
0
0
0
0
0
1
1
1
1
1
1
1
1
1
1
1
1
1
1
1
1
1
1
1
1
1
1
1
1
1
1
1
1
1
1
1
1
1
1
1
1
1
1
1
1
1
1
1
1
1
1
1
1
1
1
1
1
1
1
0
0
1
0
1
1
0
0
0
0
0
0
0
0
1
0
1
1
0
0
0
0
0
0
0
0
1
0
1
1
0
0
0
0
0
0
0
0
1
0
1
1
0
0
0
0
0
0
0
0
1
0
1
1
0
0
0
0
0
0
0
0
1
0
1
1
0
0
0
0
0
0
0
0
1
0
1
1
0
0
0
0
0
0
0
0
1
0
1
1
0
0
0
0
0
0
0
0
1
0
1
1
0
0
0
0
0
0
0
0
1
0
0
1
1
0
0
0
0
0
0
0
0
0
0
0
0
0
0
0
0
0
0
0
0
0
0
0
0
0
0
0
0
0
0
0
0
0
0
0
0
0
0
0
0
0
0
0
0
0
0
0
0
0
0
0
0
0
0
0
0
0
0
0
0
0
1
1
1
1
1
1
1
1
1
1
1
1
1
1
1
1
1
1
1
1
1
1
1
1
1
1
1
1
1
1
1
1
1
1
1
1
1
1
1
1
1
1
1
1
1
1
1
1
0
0
1
0
1
1
0
0
0
0
0
0
0
0
1
0
1
1
0
0
0
0
0
0
0
0
1
0
1
1
0
0
0
0
0
0
0
0
1
0
1
1
0
0
0
0
0
0
0
0
1
0
1
1
0
0
0
0
0
0
0
0
1
0
1
1
0
0
0
0
0
0
0
0
1
0
1
1
0
0
0
0
0
0
0
0
1
0
1
1
0
0
0
0
0
0
0
0
1
0
1
1
0
0
0
0
0
0
0
0
1
0
0
1
1
0
0
0
0
0
0
0
0
0
0
0
0
0
0
0
0
0
0
0
0
0
0
0
0
0
0
0
0
0
0
0
0
0
0
0
0
0
0
0
0
0
0
0
0
0
0
0
0
0
0
0
0
0
0
0
1
1
1
1
1
1
1
1
1
1
1
1
1
1
1
1
1
1
1
1
1
1
1
1
1
1
1
1
1
1
1
1
1
1
1
1
1
1
1
1
1
1
0
0
1
0
1
1
0
0
0
0
0
0
0
0
0
0
0
1
0
1
1
0
0
0
0
0
0
0
0
0
0
0
1
0
1
1
0
0
0
0
0
0
0
0
0
0
0
1
0
1
1
0
0
0
0
0
0
0
0
0
0
0
1
0
1
1
0
0
0
0
0
0
0
0
0
0
0
1
0
1
1
0
0
0
0
0
0
0
0
0
0
0
1
0
1
1
0
0
0
0
0
0
0
0
0
0
0
1
0
1
1
0
0
0
0
0
0
0
0
0
0
0
1
0
1
1
0
0
0
0
0
0
0
0
0
0
0
1
0
0
1
1
0
0
0
0
0
0
0
0
0
0
0
0
0
0
0
0
0
0
0
0
0
0
0
0
0
0
0
0
0
0
0
0
0
0
0
0
0
0
0
0
0
0
0
0
0
0
0
0
0
0
0
0
1
1
1
1
1
1
1
1
1
1
1
1
1
1
1
1
1
1
1
1
1
1
1
1
1
1
1
1
1
1
1
1
1
1
1
0
1
0
1
0
0
0
0
0
0
0
0
0
0
0
0
0
1
0
1
0
1
0
0
0
0
0
0
0
0
0
0
0
0
0
1
0
1
0
1
0
0
0
0
0
0
0
0
0
0
0
0
0
1
0
1
0
1
0
0
0
0
0
0
0
0
0
0
0
0
0
1
0
1
0
1
0
0
0
0
0
0
0
0
0
0
0
0
0
1
0
1
0
1
0
0
0
0
0
0
0
0
0
0
0
0
0
1
0
1
0
1
0
0
0
0
0
0
0
0
0
0
0
0
0
1
0
1
0
1
0
0
0
0
0
0
0
0
0
0
0
0
0
1
0
1
0
1
0
0
0
0
0
0
0
0
0
0
0
0
0
1
0
0
1
0
1
0
0
0
0
0
0
0
0
0
0
0
0
0
0
0
0
0
0
0
0
0
0
0
0
0
0
0
0
0
0
0
0
0
0
0
0
0
0
0
0
0
0
0
0
0
0
1
1
1
1
1
1
1
1
1
1
1
1
1
1
1
1
1
0
0
0
0
0
1
0
1
0
0
0
0
0
0
0
0
0
0
0
0
0
0
0
0
0
0
0
0
0
0
0
1
0
0
0
0
1
0
1
0
0
0
0
0
0
0
0
0
0
0
0
0
0
0
0
0
0
0
0
0
0
1
0
0
0
0
1
0
1
0
0
0
0
0
0
0
0
0
0
0
0
0
0
0
0
0
0
0
0
0
0
1
0
0
0
0
1
0
1
0
0
0
0
0
0
0
0
0
0
0
0
0
0
0
0
0
0
0
0
0
0
1
0
0
0
0
1
0
1
0
0
0
0
0
0
0
0
0
0
0
0
0
0
0
0
0
0
0
0
0
0
1
0
0
0
0
1
0
1
0
0
0
0
0
0
0
0
0
0
0
0
0
0
0
0
0
0
0
0
0
0
1
0
0
0
0
1
0
1
0
0
0
0
0
0
0
0
0
0
0
0
0
0
0
0
0
0
0
0
0
0
1
0
0
0
0
1
0
1
0
0
0
0
0
0
0
0
0
0
0
0
0
0
0
0
0
0
0
0
0
0
1
0
0
0
0
1
0
1
0
0
0
0
0
0
0
0
0
0
0
0
0
0
0
0
0
0
0
0
0
0
1
0
0
0
0
0
0
1
0
1
0
0
0
0
0
0
0
0
0
0
0
0
0
0
0
0
0
0
0
0
0
0
0
0
0
0
0
0
0
0
0
0
0
0
0
0
0
0
)
;
}
)

// ************************************************************************* //
