/*--------------------------------*- C++ -*----------------------------------*\
| =========                 |                                                 |
| \\      /  F ield         | OpenFOAM: The Open Source CFD Toolbox           |
|  \\    /   O peration     | Version:  2412                                  |
|   \\  /    A nd           | Website:  www.openfoam.com                      |
|    \\/     M anipulation  |                                                 |
\*---------------------------------------------------------------------------*/
FoamFile
{
    version     2.0;
    format      ascii;
    arch        "LSB;label=32;scalar=64";
    class       regIOobject;
    location    "constant/polyMesh";
    object      faceZones;
    meta
    {
        names           1 ( faceMRFzone );
    }
}
// * * * * * * * * * * * * * * * * * * * * * * * * * * * * * * * * * * * * * //

1
(faceMRFzone
{
    type            faceZone;
    faceLabels      List<label> 
1157
(
1655
1659
1661
1662
1667
1672
1677
1682
1684
1690
1791
1796
1798
1799
1805
1811
1817
1823
1826
1833
1926
1931
1933
1934
1940
1946
1952
1958
1961
1968
2051
2053
2054
2099
2104
2106
2195
2197
2198
2251
2257
2260
2342
2344
2345
2398
2404
2407
2487
2488
2554
2559
2562
2644
2646
2715
2722
2725
2799
2801
2870
2877
2880
2951
2952
3037
3040
3116
3118
3206
3209
3278
3280
3368
3371
3437
3438
3536
3539
3609
3611
3711
3714
3777
3779
3879
3882
3944
3945
4056
4126
4128
4240
4302
4304
4416
4472
4474
4589
4590
4653
4655
4769
4771
4828
4830
4944
4946
5014
5140
5205
5330
5388
5513
5597
5727
5729
5790
5919
5922
5977
6106
6109
6205
6207
6336
6401
6403
6531
6590
6592
6720
6806
6940
6999
7143
7195
7339
7411
7539
7598
7726
7778
7906
7956
8086
8145
8191
8243
8289
8339
8473
8532
8676
8728
8872
8932
8935
9071
9130
9133
9273
9325
9328
9468
9539
9673
9734
9866
9921
10053
10141
10268
10269
10336
10459
10461
10521
10644
10646
10730
10733
10859
10918
10921
11043
11095
11098
11220
11278
11396
11397
11469
11581
11583
11647
11759
11761
11818
11819
11931
11933
11996
11998
12106
12108
12164
12166
12274
12276
12336
12337
12437
12439
12512
12514
12610
12612
12678
12680
12776
12778
12845
12846
12934
12936
13013
13015
13099
13101
13170
13172
13256
13258
13326
13331
13334
13398
13399
13479
13486
13489
13550
13552
13624
13631
13634
13695
13697
13776
13782
13785
13789
13820
13821
13822
13826
13918
13926
13929
13934
13971
13972
13974
13978
14061
14069
14072
14077
14114
14115
14117
14121
14213
14218
14223
14228
14233
14346
14352
14358
14364
14370
14473
14479
14485
14491
14497
17738
17745
17757
17760
17763
17775
17778
17781
17793
17796
17799
17811
17814
17817
17832
17849
17856
17868
17871
17874
17886
17889
17892
17904
17907
17910
17922
17925
17928
17943
17959
17964
17975
17977
17979
17990
17992
17994
18005
18007
18009
18020
18022
18024
18037
18051
18057
18068
18069
18072
18073
18075
18077
18080
18082
18099
18100
18182
18183
18185
18200
18203
18205
18212
18217
18231
18234
18237
18250
18264
18270
18281
18282
18285
18286
18288
18290
18293
18295
18312
18313
18395
18396
18398
18413
18416
18418
18425
18430
18444
18447
18450
18463
18476
18480
18490
18491
18493
18494
18495
18497
18500
18502
18516
18517
18584
18585
18587
18599
18602
18604
18610
18614
18626
18628
18630
18642
18659
18660
18663
18665
18667
18670
18671
18762
18763
18765
18771
18776
18789
18793
18795
18809
18810
18813
18815
18817
18820
18821
18912
18913
18915
18921
18926
18939
18943
18945
18958
18959
18961
18963
18964
18967
18968
19044
19045
19047
19053
19057
19068
19071
19072
19103
19109
19110
19113
19119
19121
19150
19169
19175
19178
19180
19184
19187
19193
19194
19197
19203
19205
19234
19253
19259
19262
19264
19268
19271
19277
19278
19280
19286
19287
19369
19385
19390
19393
19395
19397
19474
19480
19481
19484
19490
19492
19536
19555
19561
19564
19566
19570
19573
19579
19580
19583
19589
19591
19651
19670
19676
19679
19681
19685
19688
19694
19695
19697
19703
19704
19777
19793
19798
19801
19803
19805
19918
19924
19925
19928
19934
19936
19980
19999
20005
20008
20010
20014
20017
20023
20024
20027
20033
20035
20092
20111
20117
20120
20122
20126
20129
20135
20136
20138
20144
20145
20218
20234
20239
20242
20244
20246
20389
20395
20396
20400
20402
20442
20448
20454
20472
20482
20488
20489
20493
20495
20548
20554
20560
20578
20588
20593
20594
20597
20598
20668
20673
20678
20693
20855
20860
20865
20866
20897
20898
20901
20908
20914
20942
20947
20952
20953
20997
20998
21001
21008
21014
21041
21045
21049
21050
21115
21116
21119
21125
21130
21319
21324
21325
21329
21331
21371
21377
21383
21398
21406
21411
21412
21416
21418
21471
21477
21483
21498
21506
21510
21511
21514
21515
21591
21596
21601
21613
21801
21807
21813
21873
21878
21883
21891
21897
21903
21978
21983
21988
21996
22001
22007
22092
22096
22101
22286
22291
22296
22297
22313
22314
22317
22324
22330
22364
22369
22374
22375
22391
22392
22395
22402
22408
22441
22445
22449
22450
22499
22500
22503
22509
22514
22661
22666
22671
22698
22704
22710
22733
22738
22743
22941
22947
22953
22976
22980
22984
23399
23404
23409
23505
23510
23515
23655
23660
23665
23688
23693
23698
23748
23753
23758
23781
23785
23789
23917
23921
23925
24028
24033
24038
24133
24138
24143
24166
24171
24176
24199
24204
24209
24232
24236
24240
24450
24454
24458
24649
24654
24659
24686
24692
24698
24721
24726
24731
24758
24764
24770
24793
24797
24801
25188
25193
25198
25425
25441
25445
25450
25457
25461
25462
25464
25470
25497
25513
25517
25522
25529
25533
25534
25536
25542
25569
25582
25585
25590
25631
25635
25636
25637
25643
25861
25867
25872
25873
25879
25927
25932
25937
25939
25945
25951
25956
25957
25963
26042
26047
26052
26054
26060
26065
26070
26071
26075
26165
26169
26174
26175
26373
26378
26383
26410
26416
26422
26445
26450
26455
26510
26516
26522
26545
26549
26553
26630
26635
26640
26854
26867
26871
26874
26876
26880
26883
26887
26888
26890
26896
26898
26920
26933
26937
26940
26942
26946
27012
27016
27017
27019
27025
27027
27049
27059
27062
27065
27067
27069
27117
27121
27122
27123
27129
27130
27324
27329
27334
27354
27366
27373
27374
27379
27381
27402
27407
27412
27432
27504
27511
27512
27517
27519
27540
27544
27548
27565
27621
27627
27628
27632
27633
27811
27812
27815
27822
27828
27848
27867
27868
27873
27875
27878
27879
27895
27896
27899
27906
27912
27932
28011
28012
28017
28019
28022
28023
28039
28040
28043
28049
28054
28071
28133
28134
28138
28139
28142
28143
28293
28294
28297
28304
28310
28330
28349
28350
28355
28357
28360
28361
28377
28378
28381
28388
28394
28414
28492
28493
28498
28500
28503
28504
28520
28521
28524
28530
28535
28552
28614
28615
28619
28620
28623
28624
28741
28742
28745
28752
28758
28774
28778
28780
28797
28798
28801
28803
28805
28808
28809
28825
28826
28829
28836
28842
28858
28862
28864
28911
28912
28915
28917
28919
28922
28923
28939
28940
28943
28949
28954
28968
28971
28972
29033
29034
29036
29038
29039
29042
29043
29096
29112
29118
29122
29123
29128
29143
29146
29149
29209
29212
29215
29217
29222
29223
29226
29231
29233
29258
29274
29280
29284
29285
29290
29305
29308
29311
29371
29374
29377
29379
29384
29385
29388
29393
29395
29420
29433
29438
29442
29443
29446
29460
29462
29464
29517
29519
29521
29523
29528
29529
29531
29536
29537
29572
29583
29585
29586
29604
29610
29614
29615
29620
29635
29638
29641
29653
29656
29659
29671
29674
29677
29692
29695
29698
29700
29705
29709
29714
29716
29721
29723
29724
29725
29785
29796
29798
29799
29817
29823
29827
29828
29833
29848
29851
29854
29866
29869
29872
29884
29887
29890
29905
29908
29911
29913
29918
29922
29927
29929
29934
29936
29937
29938
29995
30003
30005
30006
30021
30026
30030
30031
30034
30048
30050
30052
30063
30065
30067
30078
30080
30082
30096
30098
30100
30102
30107
30110
30115
30116
30120
30122
30123
30124
49195
49409
49410
50473
50586
)
;
    flipMap         List<bool> 
1157
(
1
1
1
0
0
0
0
0
0
1
1
1
1
0
0
0
0
0
0
1
1
1
1
0
0
0
0
0
0
1
1
1
0
0
0
0
1
1
0
0
0
0
1
1
0
0
0
0
0
0
0
1
1
0
0
0
1
1
0
0
0
1
1
0
0
1
1
0
0
1
1
0
0
1
1
0
0
1
1
0
0
1
1
0
0
1
1
0
0
1
0
0
1
0
0
1
1
1
0
0
1
1
0
0
1
1
0
0
0
1
0
1
0
1
1
0
0
1
0
0
1
0
0
1
1
0
1
1
0
1
1
0
0
1
0
1
0
1
0
1
0
1
0
1
0
1
0
1
0
1
0
1
0
1
0
1
0
0
1
0
0
1
0
0
1
1
0
1
0
1
0
0
1
1
0
1
1
0
1
1
0
0
1
0
0
1
0
0
1
0
1
1
0
1
1
0
1
1
1
1
0
0
1
1
0
0
1
1
0
0
1
1
0
0
1
1
0
0
1
1
0
0
1
1
0
0
1
1
0
0
1
1
0
0
1
0
0
1
1
1
0
0
1
1
1
0
0
1
1
1
0
0
0
0
1
1
1
1
0
0
0
0
1
1
1
1
0
0
0
0
1
1
1
1
1
1
1
1
1
1
1
1
1
1
1
1
1
1
1
1
1
1
1
1
1
1
1
1
1
1
1
1
1
1
1
1
1
1
1
1
1
1
1
1
1
1
1
1
1
1
1
1
1
1
1
1
1
1
1
1
1
1
1
1
1
1
1
1
1
1
1
1
1
1
1
1
0
1
1
1
1
0
0
1
1
1
1
1
1
1
1
1
1
1
1
1
1
1
1
1
0
1
1
1
1
0
0
1
1
1
1
1
1
1
1
1
1
1
1
1
1
1
1
1
0
1
1
1
1
0
0
1
1
1
1
1
1
1
1
1
1
1
1
0
1
0
0
1
1
1
1
1
1
1
1
1
1
1
0
1
0
0
1
1
1
1
1
1
1
1
1
1
1
0
1
0
0
1
1
1
1
1
1
1
1
1
0
1
0
1
0
1
1
1
1
1
1
1
0
1
0
1
0
1
1
1
1
1
1
1
0
1
0
1
0
1
1
1
1
1
1
1
0
1
0
1
0
1
1
1
1
1
1
1
0
1
0
1
0
1
1
1
1
1
1
1
0
1
0
1
0
1
1
1
1
1
1
1
0
1
0
1
0
1
1
1
1
1
1
1
0
1
0
1
0
1
1
1
1
1
1
1
0
1
0
1
0
1
1
1
1
1
1
0
0
0
1
1
1
1
1
1
0
0
0
1
1
1
1
1
1
0
0
0
1
1
1
1
1
1
0
1
0
0
1
1
1
1
1
0
1
0
0
1
1
1
1
1
0
1
0
0
1
1
1
1
1
0
0
0
1
1
1
1
1
1
0
0
0
1
1
1
1
1
1
0
0
0
1
1
1
1
0
0
0
1
1
1
0
0
0
1
1
1
0
0
0
1
1
1
1
1
0
1
0
0
1
1
1
1
1
0
1
0
0
1
1
1
1
1
0
1
0
0
1
1
1
0
0
0
1
1
1
0
0
0
1
1
1
0
0
0
1
1
1
0
0
0
1
1
1
0
0
0
1
1
1
0
0
0
1
1
1
0
0
0
1
1
1
0
0
0
1
1
1
0
0
0
1
1
1
0
0
0
1
1
1
0
0
0
1
1
1
0
0
0
1
0
1
1
0
0
0
0
0
1
0
1
1
0
0
0
0
0
1
0
1
1
0
0
0
0
0
1
1
0
1
0
0
0
0
0
1
1
0
1
0
0
0
0
0
1
1
0
1
0
0
0
0
0
1
1
1
0
0
0
1
1
1
0
0
0
1
1
1
0
0
0
1
0
1
0
1
0
0
0
0
0
0
0
1
0
1
0
1
0
0
0
0
0
0
0
1
0
1
0
1
0
0
0
0
0
0
0
1
1
1
0
0
0
0
0
0
1
1
1
0
0
0
0
0
0
1
1
1
0
0
0
0
0
0
0
1
0
1
1
0
0
0
0
0
0
0
0
1
0
1
1
0
0
0
0
0
0
0
0
1
0
1
1
0
0
0
0
0
0
0
0
1
0
1
1
0
0
0
0
0
0
0
0
1
0
1
1
0
0
0
0
0
0
0
0
1
0
1
1
0
0
0
0
0
0
0
0
1
0
1
1
0
0
0
0
0
0
0
0
0
0
0
1
0
1
1
0
0
0
0
0
0
0
0
0
0
0
1
0
1
1
0
0
0
0
0
0
0
0
0
0
1
0
1
0
1
0
0
0
0
0
0
0
0
0
0
0
0
0
1
0
1
0
1
0
0
0
0
0
0
0
0
0
0
0
0
0
1
0
1
0
1
0
0
0
0
0
0
0
0
0
0
0
0
0
1
0
0
0
0
1
0
1
0
0
0
0
0
0
0
0
0
0
0
0
0
0
0
0
0
0
0
0
0
0
1
0
0
0
0
1
0
1
0
0
0
0
0
0
0
0
0
0
0
0
0
0
0
0
0
0
0
0
0
0
1
0
0
0
0
1
0
1
0
0
0
0
0
0
0
0
0
0
0
0
0
0
0
0
0
0
0
0
0
0
1
0
0
1
1
)
;
}
)

// ************************************************************************* //
