/*--------------------------------*- C++ -*----------------------------------*\
| =========                 |                                                 |
| \\      /  F ield         | OpenFOAM: The Open Source CFD Toolbox           |
|  \\    /   O peration     | Version:  2412                                  |
|   \\  /    A nd           | Website:  www.openfoam.com                      |
|    \\/     M anipulation  |                                                 |
\*---------------------------------------------------------------------------*/
FoamFile
{
    version     2.0;
    format      ascii;
    arch        "LSB;label=32;scalar=64";
    class       regIOobject;
    location    "constant/polyMesh";
    object      faceZones;
    meta
    {
        names           1 ( faceMRFzone );
    }
}
// * * * * * * * * * * * * * * * * * * * * * * * * * * * * * * * * * * * * * //

1
(faceMRFzone
{
    type            faceZone;
    faceLabels      List<label> 
2188
(
3822
3828
3830
3831
3832
3837
3838
3843
3844
3849
3850
3855
3856
3858
3864
4696
4698
4699
4700
4706
4712
4718
4724
4730
4736
4742
4748
4753
4754
4759
4760
4762
5656
5657
5658
5663
5669
5675
5680
5685
5691
5697
5703
5709
5715
5721
5727
5732
5733
5738
5741
6674
6675
6676
6681
6687
6692
6697
6702
6707
6713
6719
6725
6731
6737
6742
6747
6753
6759
6764
6767
7735
7736
7737
7742
7748
7753
7758
7763
7768
7773
7779
7785
7791
7797
7802
7807
7812
7817
7823
7829
7834
7837
8841
8842
8843
8848
8854
8859
8864
8869
8874
8879
8884
8889
8895
8901
8907
8912
8917
8922
8927
8932
8938
8944
8949
9991
9993
9995
10001
10006
10011
10016
10021
10026
10031
10036
10041
10047
10053
10059
10064
10069
10074
10079
10084
10089
10095
10100
10101
10103
11164
11165
11170
11175
11180
11185
11190
11195
11200
11205
11210
11215
11221
11227
11233
11238
11243
11248
11253
11258
11263
11268
11274
11280
12372
12378
12384
12389
12394
12399
12404
12409
12414
12419
12424
12429
12435
12441
12447
12452
12457
12462
12467
12472
12477
12482
12488
12493
12495
12498
13611
13613
13615
13621
13626
13631
13636
13641
13646
13651
13656
13661
13666
13672
13678
13684
13689
13694
13699
13704
13709
13714
13719
13724
13730
13732
14849
14850
14855
14860
14865
14870
14875
14880
14885
14890
14895
14900
14905
14910
14916
14921
14926
14931
14937
14943
14949
14955
14961
14967
14973
14979
16098
16099
16104
16110
16115
16120
16125
16130
16136
16142
16148
16154
16159
16164
16169
16174
16180
16186
16192
16198
16204
16210
16216
16222
16228
16234
17351
17352
17357
17363
17368
17373
17378
17383
17388
17393
17399
17405
17410
17415
17420
17425
17431
17437
17443
17449
17455
17461
17467
17473
17479
17485
18598
18599
18604
18609
18614
18619
18624
18629
18634
18639
18644
18649
18654
18659
18664
18669
18674
18680
18686
18692
18698
18704
18710
18716
18722
18728
19833
19834
19837
19839
19844
19849
19854
19859
19864
19869
19874
19879
19884
19889
19895
19901
19906
19911
19916
19921
19926
19931
19936
19941
19946
19952
19958
21041
21047
21053
21058
21063
21068
21073
21078
21083
21088
21093
21098
21104
21110
21115
21120
21125
21130
21135
21140
21145
21150
21155
21162
21165
22218
22219
22224
22229
22234
22239
22244
22249
22254
22259
22264
22269
22275
22281
22286
22291
22296
22301
22306
22311
22316
22321
22326
22331
22332
23361
23362
23365
23367
23372
23377
23382
23387
23392
23397
23402
23407
23412
23417
23422
23427
23432
23437
23442
23447
23452
23457
23462
23468
23474
24468
24469
24474
24479
24484
24489
24494
24499
24504
24509
24514
24519
24524
24529
24534
24539
24544
24549
24554
24559
24564
24569
24570
25525
25526
25532
25538
25543
25548
25553
25558
25563
25568
25573
25578
25583
25588
25593
25598
25603
25608
25613
25618
25625
25627
25628
26542
26543
26549
26555
26560
26565
26570
26575
26580
26585
26590
26595
26600
26605
26610
26615
26620
26625
26632
26634
26635
27501
27502
27508
27514
27519
27524
27529
27534
27539
27544
27549
27554
27559
27564
27569
27574
27581
27583
27584
28387
28394
28395
28398
28400
28406
28411
28416
28421
28426
28432
28437
28442
28447
28453
28458
28459
29213
29220
29223
29224
29226
29230
29232
29238
29244
29250
29256
29265
29266
29267
29268
29273
29970
29976
29982
29988
29994
32223
32229
32242
32245
32247
32260
32263
32265
32278
32281
32283
32296
32299
32301
32317
32329
32338
32342
32352
32360
32363
32373
32381
32384
32394
32402
32405
32415
32423
32426
32444
32446
32461
32466
32478
32479
32482
32483
32484
32486
32490
32492
32497
32501
32508
32509
32582
32583
32585
32597
32601
32603
32608
32610
32612
32615
32629
32632
32634
32648
32659
32668
32672
32682
32690
32693
32703
32711
32714
32722
32729
32732
32740
32747
32750
32758
32765
32768
32776
32783
32786
32794
32801
32804
32812
32819
32822
32832
32840
32843
32853
32861
32864
32882
32884
32900
32901
32904
32906
32907
32910
32911
33070
33071
33073
33078
33082
33095
33099
33100
33111
33120
33124
33132
33139
33142
33150
33157
33160
33168
33175
33178
33186
33193
33196
33204
33211
33214
33222
33229
33232
33240
33247
33250
33258
33265
33268
33276
33283
33286
33294
33301
33304
33312
33319
33322
33330
33337
33340
33349
33358
33360
33364
33371
33372
33374
33381
33382
33383
33545
33560
33565
33567
33569
33572
33574
33585
33594
33598
33606
33613
33616
33624
33631
33634
33642
33649
33652
33660
33667
33670
33678
33685
33688
33696
33703
33706
33714
33721
33724
33732
33739
33742
33750
33757
33760
33768
33775
33778
33786
33793
33796
33804
33811
33814
33822
33829
33832
33840
33847
33850
33859
33868
33870
33874
33881
33882
33884
33891
33892
33893
34038
34053
34058
34060
34062
34065
34067
34078
34087
34091
34099
34106
34109
34117
34124
34127
34135
34142
34145
34153
34160
34163
34171
34178
34181
34189
34196
34199
34207
34214
34217
34225
34232
34235
34243
34250
34253
34261
34268
34271
34279
34286
34289
34297
34304
34307
34315
34322
34325
34333
34340
34343
34351
34358
34361
34369
34376
34379
34388
34397
34399
34403
34410
34411
34413
34420
34421
34422
34563
34578
34583
34585
34587
34590
34592
34603
34612
34616
34624
34631
34634
34642
34649
34652
34660
34667
34670
34678
34685
34688
34696
34703
34706
34714
34721
34724
34732
34739
34742
34750
34757
34760
34768
34775
34778
34786
34793
34796
34804
34811
34814
34822
34829
34832
34840
34847
34850
34858
34865
34868
34876
34883
34886
34894
34901
34904
34912
34919
34922
34930
34937
34940
34949
34958
34960
34971
34977
34978
34982
34983
35129
35133
35137
35155
35166
35175
35179
35187
35194
35197
35205
35212
35215
35223
35230
35233
35241
35248
35251
35259
35266
35269
35277
35284
35287
35295
35302
35305
35313
35320
35323
35331
35338
35341
35349
35356
35359
35367
35374
35377
35385
35392
35395
35403
35410
35413
35421
35428
35431
35439
35446
35449
35457
35464
35467
35475
35482
35485
35493
35500
35503
35511
35518
35521
35529
35536
35539
35557
35559
35573
35578
35582
35583
35735
35736
35738
35743
35747
35771
35779
35783
35791
35798
35801
35809
35816
35819
35827
35834
35837
35845
35852
35855
35863
35870
35873
35881
35888
35891
35899
35906
35909
35917
35924
35927
35935
35942
35945
35953
35960
35963
35971
35978
35981
35989
35996
35999
36007
36014
36017
36025
36032
36035
36043
36050
36053
36061
36068
36071
36079
36086
36089
36097
36104
36107
36115
36122
36125
36133
36140
36143
36150
36158
36160
36169
36174
36175
36179
36180
36328
36332
36336
36351
36360
36368
36372
36380
36387
36390
36398
36405
36408
36416
36423
36426
36434
36441
36444
36452
36459
36462
36470
36477
36480
36488
36495
36498
36506
36513
36516
36524
36531
36534
36542
36549
36552
36560
36567
36570
36578
36585
36588
36596
36603
36606
36614
36621
36624
36632
36639
36642
36650
36657
36660
36668
36675
36678
36686
36693
36696
36704
36711
36714
36722
36729
36732
36739
36747
36749
36754
36755
36760
36767
36768
36918
36922
36924
36929
36942
36951
36955
36963
36970
36973
36981
36988
36991
36999
37006
37009
37017
37024
37027
37035
37042
37045
37053
37060
37063
37071
37078
37081
37089
37096
37099
37107
37114
37117
37125
37132
37135
37143
37150
37153
37161
37168
37171
37179
37186
37189
37197
37204
37207
37215
37222
37225
37233
37240
37243
37251
37258
37261
37269
37276
37279
37287
37294
37297
37305
37312
37315
37323
37330
37333
37341
37348
37351
37369
37371
37388
37393
37397
37398
37549
37550
37552
37557
37561
37588
37596
37600
37608
37615
37618
37626
37633
37636
37644
37651
37654
37662
37669
37672
37680
37687
37690
37698
37705
37708
37716
37723
37726
37734
37741
37744
37752
37759
37762
37770
37777
37780
37788
37795
37798
37806
37813
37816
37824
37831
37834
37842
37849
37852
37860
37867
37870
37878
37885
37888
37896
37903
37906
37914
37921
37924
37932
37939
37942
37950
37957
37960
37968
37975
37978
37986
37993
37996
38003
38011
38013
38022
38027
38032
38236
38240
38244
38268
38276
38280
38288
38295
38298
38306
38313
38316
38324
38331
38334
38342
38349
38352
38360
38367
38370
38378
38385
38388
38396
38403
38406
38414
38421
38424
38432
38439
38442
38450
38457
38460
38468
38475
38478
38486
38493
38496
38504
38511
38514
38522
38529
38532
38540
38547
38550
38558
38565
38568
38576
38583
38586
38594
38601
38604
38612
38619
38622
38630
38637
38640
38648
38655
38658
38666
38673
38676
38683
38691
38693
38702
38707
38712
38967
38971
38975
38999
39007
39011
39019
39026
39029
39037
39044
39047
39055
39062
39065
39073
39080
39083
39091
39098
39101
39109
39116
39119
39127
39134
39137
39145
39152
39155
39163
39170
39173
39181
39188
39191
39199
39206
39209
39217
39224
39227
39235
39242
39245
39253
39260
39263
39271
39278
39281
39289
39296
39299
39307
39314
39317
39325
39332
39335
39343
39350
39353
39361
39368
39371
39379
39386
39389
39397
39404
39407
39414
39422
39424
39433
39438
39443
39675
39679
39683
39707
39715
39719
39727
39734
39737
39745
39752
39755
39763
39770
39773
39781
39788
39791
39799
39806
39809
39817
39824
39827
39835
39842
39845
39853
39860
39863
39871
39878
39881
39889
39896
39899
39907
39914
39917
39925
39932
39935
39943
39950
39953
39961
39968
39971
39979
39986
39989
39997
40004
40007
40015
40022
40025
40033
40040
40043
40051
40058
40061
40069
40076
40079
40087
40094
40097
40105
40112
40115
40122
40130
40132
40141
40146
40151
40308
40312
40316
40340
40352
40360
40367
40370
40378
40385
40388
40396
40403
40406
40414
40421
40424
40432
40439
40442
40450
40457
40460
40468
40475
40478
40486
40493
40496
40504
40511
40514
40522
40529
40532
40540
40547
40550
40558
40565
40568
40576
40583
40586
40594
40601
40604
40612
40619
40622
40630
40637
40640
40648
40655
40658
40666
40673
40676
40684
40691
40694
40702
40709
40712
40720
40727
40730
40738
40745
40748
40755
40763
40774
40789
40791
40796
40922
40925
40926
40927
40932
40958
40966
40970
40978
40985
40988
40996
41003
41006
41014
41021
41024
41032
41039
41042
41050
41057
41060
41068
41075
41078
41086
41093
41096
41104
41111
41114
41122
41129
41132
41140
41147
41150
41158
41165
41168
41176
41183
41186
41194
41201
41204
41212
41219
41222
41230
41237
41240
41248
41255
41258
41266
41273
41276
41284
41291
41294
41302
41309
41312
41320
41327
41330
41337
41345
41347
41352
41353
41358
41364
41365
41366
41370
41496
41500
41502
41507
41508
41518
41526
41530
41538
41545
41548
41556
41563
41566
41574
41581
41584
41592
41599
41602
41610
41617
41620
41628
41635
41638
41646
41653
41656
41664
41671
41674
41682
41689
41692
41700
41707
41710
41718
41725
41728
41736
41743
41746
41754
41761
41764
41772
41779
41782
41790
41797
41800
41808
41815
41818
41826
41833
41836
41844
41851
41854
41862
41869
41872
41880
41887
41890
41897
41905
41907
41916
41921
41926
42042
42046
42050
42074
42086
42094
42101
42104
42112
42119
42122
42130
42137
42140
42148
42155
42158
42166
42173
42176
42184
42191
42194
42202
42209
42212
42220
42227
42230
42238
42245
42248
42256
42263
42266
42274
42281
42284
42292
42299
42302
42310
42317
42320
42328
42335
42338
42346
42353
42356
42364
42371
42374
42382
42389
42392
42400
42407
42410
42418
42425
42428
42436
42443
42446
42453
42461
42472
42484
42486
42490
42491
42494
42593
42596
42597
42598
42603
42604
42626
42634
42638
42646
42653
42656
42664
42671
42674
42682
42689
42692
42700
42707
42710
42718
42725
42728
42736
42743
42746
42754
42761
42764
42772
42779
42782
42790
42797
42800
42808
42815
42818
42826
42833
42836
42844
42851
42854
42862
42869
42872
42880
42887
42890
42898
42905
42908
42916
42923
42926
42934
42941
42944
42952
42959
42962
42969
42977
42979
42988
42993
42998
43011
43100
43104
43105
43108
43109
43132
43140
43144
43152
43159
43162
43170
43177
43180
43188
43195
43198
43206
43213
43216
43224
43231
43234
43242
43249
43252
43260
43267
43270
43278
43285
43288
43296
43303
43306
43314
43321
43324
43332
43339
43342
43350
43357
43360
43368
43375
43378
43386
43393
43396
43404
43411
43414
43422
43429
43432
43439
43447
43449
43453
43454
43455
43458
43465
43471
43481
43559
43560
43563
43564
43568
43569
43590
43598
43602
43610
43617
43620
43628
43635
43638
43646
43653
43656
43664
43671
43674
43682
43689
43692
43700
43707
43710
43718
43725
43728
43736
43743
43746
43754
43761
43764
43772
43779
43782
43790
43797
43800
43808
43815
43818
43826
43833
43836
43844
43851
43854
43861
43869
43871
43875
43876
43877
43880
43887
43893
43903
43976
43977
43980
43981
43985
43986
44007
44015
44019
44027
44034
44037
44045
44052
44055
44063
44070
44073
44081
44088
44091
44099
44106
44109
44117
44124
44127
44135
44142
44145
44153
44160
44163
44171
44178
44181
44189
44196
44199
44207
44214
44217
44225
44232
44235
44242
44250
44252
44256
44257
44258
44261
44268
44274
44285
44287
44289
44358
44359
44361
44362
44363
44367
44368
44389
44401
44409
44416
44419
44427
44434
44437
44445
44452
44455
44463
44470
44473
44481
44488
44491
44499
44506
44509
44517
44524
44527
44535
44542
44545
44553
44560
44563
44571
44578
44581
44588
44596
44608
44622
44625
44629
44630
44633
44640
44642
44644
44719
44721
44723
44725
44728
44729
44730
44735
44736
44761
44773
44781
44788
44791
44799
44806
44809
44817
44824
44827
44835
44842
44845
44852
44860
44886
44896
44897
44899
44900
44916
44919
44923
44924
44927
44938
44940
44942
44953
44955
44957
44968
44970
44972
44983
44985
44987
44989
44992
44994
44999
45000
45004
45005
45007
45008
45009
)
;
    flipMap         List<bool> 
2188
(
1
1
1
0
0
0
0
0
0
0
0
0
0
0
1
1
1
0
0
0
0
0
0
0
0
0
0
0
0
0
0
0
0
0
0
0
0
0
0
0
0
0
0
0
0
0
0
0
0
1
1
0
0
0
0
0
0
0
0
0
0
0
0
0
0
0
0
0
0
1
1
0
0
0
0
0
0
0
0
0
0
0
0
0
0
0
0
0
0
0
0
1
1
0
0
0
0
0
0
0
0
0
0
0
0
0
0
0
0
0
0
0
0
0
0
1
1
1
0
0
0
0
0
0
0
0
0
0
0
0
0
0
0
0
0
0
0
0
0
0
0
0
0
0
0
0
0
0
0
0
0
0
0
0
0
0
0
0
0
0
0
0
0
0
1
1
0
0
0
0
0
0
0
0
0
0
0
0
0
0
0
0
0
0
0
0
0
0
0
0
0
1
1
0
0
0
0
0
0
0
0
0
0
0
0
0
0
0
0
0
0
0
0
0
0
0
0
0
0
0
0
0
0
0
0
0
0
0
0
0
0
0
0
0
0
0
0
0
0
0
0
0
1
0
0
0
0
0
0
0
0
0
0
0
0
0
0
0
0
0
0
0
0
0
0
0
0
0
1
0
0
0
0
0
0
0
0
0
0
0
0
0
0
0
0
0
0
0
0
0
0
0
0
0
1
0
0
0
0
0
0
0
0
0
0
0
0
0
0
0
0
0
0
0
0
0
0
0
0
0
1
0
0
0
0
0
0
0
0
0
0
0
0
0
0
0
0
0
0
0
0
0
0
0
0
0
0
1
1
0
0
0
0
0
0
0
0
0
0
0
0
0
0
0
0
0
0
0
0
0
0
0
0
0
0
0
0
0
0
0
0
0
0
0
0
0
0
0
0
0
0
0
0
0
0
0
1
1
0
0
0
0
0
0
0
0
0
0
0
0
0
0
0
0
0
0
0
0
0
0
0
0
1
0
0
0
0
0
0
0
0
0
0
0
0
0
0
0
0
0
0
0
0
0
1
1
1
1
0
0
0
0
0
0
0
0
0
0
0
0
0
0
0
0
0
0
0
0
0
1
1
0
0
0
0
0
0
0
0
0
0
0
0
0
0
0
0
0
0
0
1
1
0
0
0
0
0
0
0
0
0
0
0
0
0
0
0
0
0
1
0
0
0
0
0
0
0
0
0
0
0
0
0
0
1
1
1
0
0
0
0
0
0
0
0
0
0
0
0
1
1
1
1
1
1
1
1
1
1
1
1
1
1
1
1
1
1
1
1
1
1
1
1
1
1
1
1
1
1
1
1
1
1
1
1
1
1
1
1
1
1
1
1
1
1
1
1
1
1
0
0
1
1
1
0
1
1
1
1
0
0
0
0
1
1
1
1
1
1
1
1
1
1
1
1
1
1
1
1
1
1
1
1
1
1
1
1
1
1
1
1
1
1
1
1
1
1
1
1
1
1
1
1
1
1
1
1
1
1
1
0
1
0
0
1
1
1
1
1
1
1
1
1
1
1
1
1
1
1
1
1
1
1
1
1
1
1
1
1
1
1
1
1
1
1
1
1
1
1
1
1
1
1
1
1
1
1
1
1
1
1
1
1
0
1
1
0
1
0
0
1
0
1
1
1
1
1
1
1
1
1
1
1
1
1
1
1
1
1
1
1
1
1
1
1
1
1
1
1
1
1
1
1
1
1
1
1
1
1
1
1
1
1
1
1
1
1
1
1
1
1
1
1
1
1
0
1
1
0
1
0
0
1
0
1
1
1
1
1
1
1
1
1
1
1
1
1
1
1
1
1
1
1
1
1
1
1
1
1
1
1
1
1
1
1
1
1
1
1
1
1
1
1
1
1
1
1
1
1
1
1
1
1
1
1
1
1
1
1
1
1
1
1
0
1
1
0
1
0
0
1
0
1
1
1
1
1
1
1
1
1
1
1
1
1
1
1
1
1
1
1
1
1
1
1
1
1
1
1
1
1
1
1
1
1
1
1
1
1
1
1
1
1
1
1
1
1
1
1
1
1
1
1
1
1
1
1
1
1
1
1
1
1
1
1
1
1
1
0
0
0
1
1
1
1
1
1
1
1
1
1
1
1
1
1
1
1
1
1
1
1
1
1
1
1
1
1
1
1
1
1
1
1
1
1
1
1
1
1
1
1
1
1
1
1
1
1
1
1
1
1
1
1
1
1
1
1
1
1
1
1
1
1
1
1
1
1
1
1
1
1
1
0
1
0
0
1
1
1
1
1
1
1
1
1
1
1
1
1
1
1
1
1
1
1
1
1
1
1
1
1
1
1
1
1
1
1
1
1
1
1
1
1
1
1
1
1
1
1
1
1
1
1
1
1
1
1
1
1
1
1
1
1
1
1
1
1
1
1
1
1
1
1
1
1
1
1
0
0
0
1
1
1
1
1
1
1
1
1
1
1
1
1
1
1
1
1
1
1
1
1
1
1
1
1
1
1
1
1
1
1
1
1
1
1
1
1
1
1
1
1
1
1
1
1
1
1
1
1
1
1
1
1
1
1
1
1
1
1
1
1
1
1
1
1
1
1
0
1
1
0
1
0
0
0
0
1
1
1
1
1
1
1
1
1
1
1
1
1
1
1
1
1
1
1
1
1
1
1
1
1
1
1
1
1
1
1
1
1
1
1
1
1
1
1
1
1
1
1
1
1
1
1
1
1
1
1
1
1
1
1
1
1
1
1
1
1
1
1
1
1
1
1
1
1
1
1
1
1
1
1
1
0
1
0
0
1
1
1
1
1
1
1
1
1
1
1
1
1
1
1
1
1
1
1
1
1
1
1
1
1
1
1
1
1
1
1
1
1
1
1
1
1
1
1
1
1
1
1
1
1
1
1
1
1
1
1
1
1
1
1
1
1
1
1
1
1
1
1
1
1
1
1
1
1
1
1
1
1
1
1
0
0
0
1
1
1
1
1
1
1
1
1
1
1
1
1
1
1
1
1
1
1
1
1
1
1
1
1
1
1
1
1
1
1
1
1
1
1
1
1
1
1
1
1
1
1
1
1
1
1
1
1
1
1
1
1
1
1
1
1
1
1
1
1
1
1
1
1
1
1
1
1
1
1
1
1
1
1
0
0
0
1
1
1
1
1
1
1
1
1
1
1
1
1
1
1
1
1
1
1
1
1
1
1
1
1
1
1
1
1
1
1
1
1
1
1
1
1
1
1
1
1
1
1
1
1
1
1
1
1
1
1
1
1
1
1
1
1
1
1
1
1
1
1
1
1
1
1
1
1
1
1
1
1
1
1
0
0
0
1
1
1
1
1
1
1
1
1
1
1
1
1
1
1
1
1
1
1
1
1
1
1
1
1
1
1
1
1
1
1
1
1
1
1
1
1
1
1
1
1
1
1
1
1
1
1
1
1
1
1
1
1
1
1
1
1
1
1
1
1
1
1
1
1
1
1
1
1
1
1
1
1
1
1
0
0
0
1
1
1
1
1
1
1
1
1
1
1
1
1
1
1
1
1
1
1
1
1
1
1
1
1
1
1
1
1
1
1
1
1
1
1
1
1
1
1
1
1
1
1
1
1
1
1
1
1
1
1
1
1
1
1
1
1
1
1
1
1
1
1
1
1
1
1
1
1
1
1
0
1
1
0
0
0
0
0
1
1
1
1
1
1
1
1
1
1
1
1
1
1
1
1
1
1
1
1
1
1
1
1
1
1
1
1
1
1
1
1
1
1
1
1
1
1
1
1
1
1
1
1
1
1
1
1
1
1
1
1
1
1
1
1
1
1
1
1
1
1
1
1
1
1
0
1
1
0
0
1
0
0
0
0
0
0
1
1
1
1
1
1
1
1
1
1
1
1
1
1
1
1
1
1
1
1
1
1
1
1
1
1
1
1
1
1
1
1
1
1
1
1
1
1
1
1
1
1
1
1
1
1
1
1
1
1
1
1
1
1
1
1
1
1
1
1
1
1
1
1
1
1
1
1
1
0
0
0
1
1
1
1
1
1
1
1
1
1
1
1
1
1
1
1
1
1
1
1
1
1
1
1
1
1
1
1
1
1
1
1
1
1
1
1
1
1
1
1
1
1
1
1
1
1
1
1
1
1
1
1
1
1
1
1
1
1
1
1
1
1
1
1
1
0
1
0
1
0
0
0
0
0
0
0
1
1
1
1
1
1
1
1
1
1
1
1
1
1
1
1
1
1
1
1
1
1
1
1
1
1
1
1
1
1
1
1
1
1
1
1
1
1
1
1
1
1
1
1
1
1
1
1
1
1
1
1
1
1
1
1
1
1
1
1
1
1
1
0
0
0
0
0
0
1
1
1
1
1
1
1
1
1
1
1
1
1
1
1
1
1
1
1
1
1
1
1
1
1
1
1
1
1
1
1
1
1
1
1
1
1
1
1
1
1
1
1
1
1
1
1
1
1
1
1
1
1
1
0
0
1
0
1
1
0
0
0
0
0
0
0
1
1
1
1
1
1
1
1
1
1
1
1
1
1
1
1
1
1
1
1
1
1
1
1
1
1
1
1
1
1
1
1
1
1
1
1
1
1
1
1
1
1
1
1
1
1
1
1
0
0
1
0
1
1
0
0
0
0
0
0
0
1
1
1
1
1
1
1
1
1
1
1
1
1
1
1
1
1
1
1
1
1
1
1
1
1
1
1
1
1
1
1
1
1
1
1
1
1
1
1
1
1
1
0
0
1
0
1
1
0
0
0
0
0
0
0
0
0
0
1
1
1
1
1
1
1
1
1
1
1
1
1
1
1
1
1
1
1
1
1
1
1
1
1
1
1
1
1
1
1
1
1
1
1
0
1
0
1
0
0
0
0
0
0
0
0
0
0
0
0
0
1
1
1
1
1
1
1
1
1
1
1
1
1
1
1
1
1
0
0
0
0
0
1
0
1
0
0
0
0
0
0
0
0
0
0
0
0
0
0
0
0
0
0
0
0
0
0
0
)
;
}
)

// ************************************************************************* //
