/*--------------------------------*- C++ -*----------------------------------*\
| =========                 |                                                 |
| \\      /  F ield         | OpenFOAM: The Open Source CFD Toolbox           |
|  \\    /   O peration     | Version:  2412                                  |
|   \\  /    A nd           | Website:  www.openfoam.com                      |
|    \\/     M anipulation  |                                                 |
\*---------------------------------------------------------------------------*/
FoamFile
{
    version     2.0;
    format      ascii;
    arch        "LSB;label=32;scalar=64";
    class       regIOobject;
    location    "constant/polyMesh";
    object      faceZones;
    meta
    {
        names           1 ( faceMRFzone );
    }
}
// * * * * * * * * * * * * * * * * * * * * * * * * * * * * * * * * * * * * * //

1
(faceMRFzone
{
    type            faceZone;
    faceLabels      List<label> 
3534
(
3746
3751
3756
3761
3919
3925
3931
3937
4100
4106
4112
4118
4281
4287
4293
4299
4447
4453
4459
4465
4537
4542
4631
4632
4633
4637
4642
4667
4672
4677
4683
4686
4690
4822
4823
4825
4829
4835
4865
4871
4877
4885
4888
4893
5027
5028
5030
5034
5040
5070
5076
5082
5090
5093
5098
5232
5233
5235
5239
5245
5275
5281
5287
5295
5298
5303
5423
5424
5426
5430
5436
5466
5472
5478
5486
5489
5494
5546
5550
5554
5561
5563
5567
5633
5634
5635
5639
5709
5715
5718
5831
5832
5834
5838
5922
5930
5933
6048
6049
6051
6055
6139
6147
6150
6265
6266
6268
6272
6356
6364
6367
6470
6471
6473
6477
6561
6569
6572
6634
6641
6643
6702
6703
6704
6798
6804
6807
6908
6909
6911
7023
7031
7034
7137
7138
7140
7252
7260
7263
7366
7367
7369
7481
7489
7492
7584
7585
7587
7699
7707
7710
7768
7775
7777
7833
7834
7948
7953
7956
8050
8052
8188
8195
8198
8293
8295
8431
8438
8441
8536
8538
8674
8681
8684
8768
8770
8906
8913
8916
8974
8980
8982
9034
9035
9036
9166
9169
9261
9262
9264
9420
9423
9516
9517
9519
9675
9678
9771
9772
9774
9930
9933
10015
10016
10018
10174
10177
10241
10243
10289
10291
10421
10422
10509
10511
10667
10669
10757
10759
10915
10917
11005
11007
11163
11165
11243
11245
11401
11403
11467
11469
11517
11519
11659
11660
11747
11749
11917
11919
12007
12009
12177
12179
12267
12269
12437
12439
12517
12519
12687
12689
12754
12756
12801
12953
12954
13035
13217
13219
13301
13483
13485
13567
13749
13751
13824
14006
14008
14071
14073
14118
14119
14278
14281
14356
14358
14549
14552
14628
14630
14821
14824
14900
14902
15093
15096
15163
15165
15356
15359
15418
15420
15462
15463
15631
15707
15709
15911
15987
15989
16191
16267
16269
16471
16538
16540
16742
16805
16844
17016
17017
17092
17298
17300
17376
17582
17584
17660
17866
17868
17935
18141
18143
18201
18203
18247
18248
18427
18502
18504
18719
18794
18796
19011
19086
19088
19303
19369
19371
19586
19641
19676
19858
19859
19928
20146
20148
20218
20436
20438
20508
20726
20728
20790
21008
21010
21058
21060
21104
21105
21294
21369
21371
21598
21673
21675
21902
21977
21979
22206
22272
22274
22501
22549
22588
22777
22780
22851
23078
23081
23153
23380
23383
23455
23682
23685
23749
23976
23979
24019
24021
24059
24250
24321
24551
24623
24841
24913
25145
25209
25441
25480
25519
25520
25699
25762
25764
25997
26060
26062
26264
26327
26329
26568
26623
26625
26864
26899
26934
27114
27179
27419
27484
27675
27740
27990
28047
28297
28327
28365
28562
28633
28874
28945
29130
29201
29453
29516
29768
29800
29831
30024
30026
30087
30331
30334
30396
30579
30582
30644
30900
30903
30958
31214
31217
31275
31348
31411
31516
31580
31646
31710
31823
31880
31993
32022
32058
32131
32194
32299
32363
32429
32493
32606
32663
32776
32804
32840
33011
33074
33297
33361
33527
33591
33826
33883
34118
34184
34390
34391
34464
34703
34705
34778
34960
34962
35035
35285
35287
35352
35602
35604
35663
35848
35913
36155
36220
36410
36475
36727
36784
37036
37091
37267
37332
37564
37629
37825
37890
38129
38186
38425
38479
38481
38666
38734
38737
38965
39034
39037
39243
39312
39315
39547
39608
39611
39843
39904
40099
40101
40168
40402
40404
40472
40704
40706
40774
41008
41010
41070
41304
41306
41370
41559
41636
41863
41940
42167
42244
42471
42539
42766
42825
42827
43010
43078
43081
43301
43370
43373
43593
43662
43665
43885
43946
43949
44169
44236
44415
44416
44494
44708
44710
44788
45002
45004
45082
45296
45298
45367
45581
45583
45645
45647
45820
45892
45895
46103
46176
46179
46387
46460
46463
46671
46735
46738
46946
47014
47183
47184
47262
47464
47466
47544
47746
47748
47826
48028
48030
48099
48301
48303
48365
48366
48531
48533
48602
48604
48802
48804
48874
48876
49074
49076
49146
49148
49346
49348
49409
49411
49609
49611
49676
49678
49831
49913
49916
50100
50183
50186
50370
50453
50456
50640
50714
50717
50901
50976
50979
51125
51126
51208
51211
51386
51388
51470
51473
51648
51650
51732
51735
51910
51912
51984
51987
52162
52164
52235
52238
52374
52375
52459
52462
52625
52627
52711
52714
52877
52879
52963
52966
53129
53131
53205
53208
53371
53373
53447
53450
53583
53585
53586
53674
53677
53837
53839
53841
53929
53932
54092
54094
54096
54184
54187
54347
54349
54351
54428
54431
54591
54593
54595
54670
54672
54797
54799
54888
54891
55041
55043
55133
55136
55286
55288
55378
55381
55531
55533
55612
55615
55765
55767
55845
55850
55853
55958
55960
55961
56053
56060
56063
56189
56191
56193
56286
56293
56296
56422
56424
56426
56519
56526
56529
56655
56657
56659
56741
56748
56751
56877
56879
56881
56970
56975
56978
57063
57065
57066
57174
57181
57184
57286
57288
57290
57399
57406
57409
57511
57513
57515
57624
57631
57634
57736
57738
57740
57837
57844
57847
57949
57951
57953
58054
58059
58061
58067
58122
58126
58128
58129
58248
58254
58257
58264
58330
58335
58337
58338
58459
58465
58468
58475
58541
58546
58548
58549
58670
58676
58679
58686
58752
58757
58759
58760
58867
58873
58876
58883
58949
58954
58956
58957
59071
59076
59081
59087
59090
59095
59100
59105
59106
59107
59111
59116
59252
59258
59264
59272
59275
59281
59287
59293
59294
59296
59300
59306
59445
59451
59457
59465
59468
59474
59480
59486
59487
59489
59493
59499
59638
59644
59650
59658
59661
59667
59673
59679
59680
59682
59686
59692
59816
59822
59828
59836
59839
59845
59851
59857
59858
59860
59864
59870
66112
66115
66118
66130
66133
66136
66147
66148
66151
66152
66154
66156
66159
66161
66177
66180
66182
66198
66201
66203
66219
66222
66224
66231
66236
66250
66253
66256
66268
66271
66274
66286
66289
66292
66343
66346
66349
66361
66364
66367
66378
66379
66382
66383
66385
66387
66390
66392
66408
66411
66413
66429
66432
66434
66450
66453
66455
66462
66467
66481
66484
66487
66499
66502
66505
66517
66520
66523
66574
66577
66580
66592
66595
66598
66609
66610
66613
66614
66616
66618
66621
66623
66639
66642
66644
66660
66663
66665
66681
66684
66686
66693
66698
66712
66715
66718
66730
66733
66736
66748
66751
66754
66805
66808
66811
66823
66826
66829
66840
66841
66844
66845
66847
66849
66852
66854
66870
66873
66875
66891
66894
66896
66912
66915
66917
66924
66929
66943
66946
66949
66961
66964
66967
66979
66982
66985
67032
67034
67036
67047
67049
67051
67062
67063
67065
67066
67068
67070
67073
67075
67089
67092
67094
67109
67112
67114
67130
67133
67135
67142
67147
67161
67164
67167
67179
67182
67185
67197
67200
67203
67223
67224
67227
67231
67234
67242
67246
67280
67283
67286
67288
67293
67297
67302
67304
67309
67311
67312
67313
67493
67507
67509
67510
67528
67534
67538
67539
67544
67556
67559
67562
67607
67610
67613
67615
67620
67624
67629
67631
67636
67638
67639
67640
67820
67834
67836
67837
67855
67861
67865
67866
67871
67883
67886
67889
67934
67937
67940
67942
67947
67951
67956
67958
67963
67965
67966
67967
68147
68161
68163
68164
68182
68188
68192
68193
68198
68210
68213
68216
68261
68264
68267
68269
68274
68278
68283
68285
68290
68292
68293
68294
68474
68488
68490
68491
68509
68515
68519
68520
68525
68537
68540
68543
68584
68586
68588
68590
68595
68598
68603
68604
68608
68610
68611
68612
68769
68783
68785
68786
68804
68810
68814
68815
68820
68832
68835
68838
68866
68872
68874
68878
68910
68911
68914
68915
68917
68919
68921
68922
68923
68998
69012
69014
69015
69021
69026
69040
69043
69046
69090
69091
69094
69095
69097
69099
69101
69102
69103
69178
69192
69194
69195
69201
69206
69220
69223
69226
69270
69271
69274
69275
69277
69279
69281
69282
69283
69358
69372
69374
69375
69381
69386
69400
69403
69406
69450
69451
69454
69455
69457
69459
69461
69462
69463
69538
69552
69554
69555
69561
69566
69580
69583
69586
69626
69627
69629
69630
69631
69633
69635
69636
69637
69703
69717
69719
69720
69726
69731
69745
69748
69751
69776
69778
69783
69799
69800
69803
69805
69807
69809
69811
69812
69813
69850
69866
69868
69869
69875
69880
69893
69897
69899
69913
69914
69917
69919
69921
69923
69925
69926
69927
69964
69980
69982
69983
69989
69994
70007
70011
70013
70027
70028
70031
70033
70035
70037
70039
70040
70041
70078
70094
70096
70097
70103
70108
70121
70125
70127
70141
70142
70145
70147
70149
70151
70153
70154
70155
70192
70208
70210
70211
70217
70222
70235
70239
70241
70254
70255
70257
70259
70260
70262
70264
70265
70266
70297
70313
70315
70316
70322
70327
70340
70344
70346
70353
70355
70359
70380
70385
70386
70389
70394
70396
70424
70443
70449
70453
70454
70459
70494
70499
70500
70503
70508
70510
70538
70557
70563
70567
70568
70573
70608
70613
70614
70617
70622
70624
70652
70671
70677
70681
70682
70687
70722
70727
70728
70731
70736
70738
70766
70785
70791
70795
70796
70801
70833
70838
70839
70841
70846
70847
70871
70890
70896
70900
70901
70906
70929
70931
70945
70946
70950
70952
70954
70956
70957
70958
70995
71011
71013
71014
71020
71025
71040
71053
71054
71058
71060
71062
71064
71065
71066
71103
71119
71121
71122
71128
71133
71148
71161
71162
71166
71168
71170
71172
71173
71174
71211
71227
71229
71230
71236
71241
71256
71269
71270
71274
71276
71278
71280
71281
71282
71319
71335
71337
71338
71344
71349
71364
71376
71377
71380
71381
71383
71385
71386
71387
71418
71434
71436
71437
71443
71448
71463
71471
71473
71488
71489
71493
71495
71498
71499
71557
71558
71561
71568
71574
71589
71602
71603
71607
71609
71612
71613
71671
71672
71675
71682
71688
71703
71716
71717
71721
71723
71726
71727
71785
71786
71789
71796
71802
71817
71830
71831
71835
71837
71840
71841
71899
71900
71903
71910
71916
71931
71943
71944
71947
71948
71951
71952
72001
72002
72005
72012
72018
72033
72036
72039
72054
72055
72059
72061
72064
72065
72117
72118
72121
72128
72134
72149
72162
72163
72167
72169
72172
72173
72225
72226
72229
72236
72242
72257
72270
72271
72275
72277
72280
72281
72333
72334
72337
72344
72350
72365
72378
72379
72383
72385
72388
72389
72441
72442
72445
72452
72458
72473
72485
72486
72489
72490
72493
72494
72537
72538
72541
72548
72554
72569
72572
72575
72600
72605
72610
72612
72654
72660
72665
72666
72672
72708
72713
72718
72720
72762
72768
72773
72774
72780
72816
72821
72826
72828
72870
72876
72881
72882
72888
72924
72929
72934
72936
72978
72984
72989
72990
72996
73029
73033
73038
73039
73074
73080
73085
73086
73092
73109
73112
73117
73121
73122
73124
73130
73132
73197
73215
73219
73222
73224
73228
73231
73235
73236
73238
73244
73246
73311
73329
73333
73336
73338
73342
73345
73349
73350
73352
73358
73360
73425
73443
73447
73450
73452
73456
73459
73463
73464
73466
73472
73474
73539
73557
73561
73564
73566
73570
73573
73577
73578
73579
73585
73586
73641
73659
73663
73666
73668
73672
73680
73681
73690
73696
73697
73701
73703
73764
73770
73776
73794
73804
73810
73811
73815
73817
73878
73884
73890
73908
73918
73924
73925
73929
73931
73992
73998
74004
74022
74032
74038
74039
74043
74045
74106
74112
74118
74136
74146
74151
74152
74155
74156
74208
74214
74220
74238
74244
74270
74275
74280
74282
74324
74330
74335
74336
74342
74378
74383
74388
74390
74432
74438
74443
74444
74450
74486
74491
74496
74498
74540
74546
74551
74552
74558
74594
74599
74604
74606
74648
74654
74659
74660
74666
74699
74703
74708
74709
74744
74750
74755
74756
74762
74779
74782
74791
74796
74797
74801
74803
74864
74870
74876
74891
74899
74904
74905
74909
74911
74972
74978
74984
74999
75007
75012
75013
75017
75019
75080
75086
75092
75107
75115
75120
75121
75125
75127
75188
75194
75200
75215
75223
75227
75228
75231
75232
75284
75290
75296
75311
75317
75342
75347
75352
75354
75396
75402
75407
75408
75414
75450
75455
75460
75462
75504
75510
75515
75516
75522
75558
75563
75568
75570
75612
75618
75623
75624
75630
75666
75671
75676
75678
75720
75726
75731
75732
75738
75771
75775
75780
75781
75816
75822
75827
75828
75834
75851
75854
75863
75868
75873
75936
75942
75948
75971
75976
75981
76038
76044
76050
76073
76078
76083
76140
76146
76152
76175
76180
76185
76248
76254
76260
76283
76287
76291
76344
76350
76356
76377
76383
76387
76388
76390
76396
76457
76475
76479
76484
76491
76495
76496
76498
76504
76535
76553
76557
76562
76569
76573
76574
76576
76582
76613
76631
76635
76640
76647
76651
76652
76654
76660
76727
76745
76749
76754
76761
76765
76766
76767
76773
76829
76847
76851
76856
76868
76894
76899
76904
76906
76975
76981
76986
76987
76993
77035
77040
77045
77047
77053
77059
77064
77065
77071
77113
77118
77123
77125
77131
77137
77142
77143
77149
77191
77196
77201
77203
77287
77293
77298
77299
77305
77344
77348
77353
77354
77389
77395
77400
77401
77407
77427
77430
77440
77445
77450
77584
77590
77596
77619
77624
77629
77670
77676
77682
77705
77710
77715
77782
77788
77794
77817
77822
77827
78010
78016
78022
78045
78049
78053
78106
78112
78118
78139
78149
78154
78159
78289
78295
78301
78324
78329
78334
78383
78389
78395
78418
78423
78428
78517
78523
78529
78552
78557
78562
78733
78739
78745
78768
78772
78776
78799
78805
78811
78832
78842
78847
78848
78852
78854
79087
79093
79099
79114
79122
79127
79128
79132
79134
79198
79204
79210
79225
79233
79238
79239
79243
79245
79378
79384
79390
79405
79413
79418
79419
79423
79425
79675
79681
79687
79702
79710
79714
79715
79718
79719
79741
79747
79753
79768
79773
79779
79785
79791
80359
80364
80369
80377
80383
80389
80796
80801
80806
80814
80820
80826
81298
81303
81308
81316
81322
81328
81937
81942
81947
81955
81960
81966
82373
82378
82383
82392
82397
82403
82409
82533
82538
82543
82551
82557
82563
82634
82639
82644
82652
82658
82664
82776
82781
82786
82794
82800
82806
82959
82964
82969
82977
82982
82988
83029
83034
83039
83046
83051
83057
83063
83187
83192
83197
83205
83211
83217
83288
83293
83298
83306
83312
83318
83430
83435
83440
83448
83454
83460
83613
83618
83623
83631
83636
83642
83682
83687
83692
83699
83704
83710
83715
83716
83722
84304
84309
84314
84316
84322
84328
84333
84334
84340
84745
84750
84755
84757
84763
84769
84774
84775
84781
85255
85260
85265
85267
85273
85279
85284
85285
85291
85912
85917
85922
85924
85930
85935
85940
85941
85945
86347
86352
86357
86358
86366
86371
86376
86607
86613
86619
86642
86647
86652
86714
86720
86726
86749
86754
86759
86886
86892
86898
86921
86926
86931
87171
87177
87183
87206
87210
87214
87237
87242
87247
87266
87271
87276
87412
87418
87424
87447
87452
87457
87504
87510
87516
87539
87544
87549
87634
87640
87646
87669
87674
87679
87850
87856
87862
87885
87889
87893
87916
87921
87926
87945
87950
87955
87972
88089
88095
88096
88101
88103
88124
88129
88134
88151
88171
88177
88178
88183
88185
88206
88211
88216
88233
88275
88281
88282
88287
88289
88310
88315
88320
88337
88491
88497
88498
88503
88505
88526
88530
88534
88548
88593
88598
88599
88603
88604
88637
88642
88647
88715
88721
88727
88769
88774
88779
88787
88793
88799
88841
88846
88851
88859
88865
88871
88913
88918
88923
89003
89009
89015
89054
89058
89063
89099
89104
89110
89128
89129
89132
89139
89145
89214
89220
89225
89226
89242
89243
89246
89253
89259
89298
89304
89309
89310
89326
89327
89330
89337
89343
89382
89388
89393
89394
89410
89411
89414
89421
89427
89502
89508
89513
89514
89530
89531
89534
89540
89545
89609
89614
89618
89619
89636
89641
89646
89663
89709
89715
89716
89721
89723
89744
89749
89754
89771
89817
89823
89824
89829
89831
89852
89857
89862
89879
89925
89931
89932
89937
89939
89960
89965
89970
89987
90033
90039
90040
90045
90047
90068
90072
90076
90090
90129
90134
90135
90139
90140
90170
90175
90178
90180
90184
90224
90230
90236
90238
90272
90277
90280
90282
90286
90326
90332
90338
90340
90374
90379
90382
90384
90388
90428
90434
90440
90442
90476
90481
90484
90486
90490
90530
90536
90542
90544
90575
90579
90582
90584
90586
90620
90625
90631
90632
90650
90655
90660
90680
90728
90735
90736
90741
90743
90764
90769
90774
90794
90842
90849
90850
90855
90857
90878
90883
90888
90908
90956
90963
90964
90969
90971
90992
90997
91002
91022
91070
91077
91078
91083
91085
91106
91110
91114
91131
91172
91178
91179
91183
91184
91214
91219
91222
91224
91228
91268
91274
91280
91282
91316
91321
91324
91326
91330
91370
91376
91382
91384
91418
91423
91426
91428
91432
91472
91478
91484
91486
91520
91525
91528
91530
91534
91574
91580
91586
91588
91619
91623
91626
91628
91630
91664
91669
91675
91676
91694
91699
91704
91724
91772
91779
91780
91785
91787
91808
91813
91818
91838
91886
91893
91894
91899
91901
91922
91927
91932
91952
92000
92007
92008
92013
92015
92036
92041
92046
92066
92114
92121
92122
92127
92129
92150
92154
92158
92175
92216
92222
92223
92227
92228
92242
92243
92246
92253
92259
92279
92334
92335
92340
92342
92345
92346
92362
92363
92366
92373
92379
92399
92454
92455
92460
92462
92465
92466
92482
92483
92486
92493
92499
92519
92574
92575
92580
92582
92585
92586
92602
92603
92606
92613
92619
92639
92694
92695
92700
92702
92705
92706
92722
92723
92726
92732
92737
92754
92801
92802
92806
92807
92810
92811
92840
92845
92848
92850
92854
92894
92900
92906
92908
92942
92947
92950
92952
92956
92996
93002
93008
93010
93044
93049
93052
93054
93058
93098
93104
93110
93112
93146
93151
93154
93156
93160
93200
93206
93212
93214
93245
93249
93252
93254
93256
93290
93295
93301
93302
93320
93334
93340
93343
93345
93349
93388
93394
93395
93398
93404
93406
93428
93442
93448
93451
93453
93457
93496
93502
93503
93506
93512
93514
93536
93550
93556
93559
93561
93565
93604
93610
93611
93614
93620
93622
93644
93658
93664
93667
93669
93673
93712
93718
93719
93722
93728
93730
93752
93763
93768
93771
93773
93775
93808
93814
93815
93817
93823
93824
93842
93856
93862
93865
93867
93871
93910
93916
93917
93920
93926
93928
93950
93964
93970
93973
93975
93979
94018
94024
94025
94028
94034
94036
94058
94072
94078
94081
94083
94087
94126
94132
94133
94136
94142
94144
94166
94180
94186
94189
94191
94195
94234
94240
94241
94244
94250
94252
94274
94285
94290
94293
94295
94297
94330
94336
94337
94339
94345
94346
94364
94375
94378
94380
94387
94392
94412
94449
94450
94455
94457
94459
94462
94464
94465
94496
94507
94510
94512
94519
94524
94544
94581
94582
94587
94589
94591
94594
94596
94597
94628
94639
94642
94644
94651
94656
94676
94713
94714
94719
94721
94723
94726
94728
94729
94760
94771
94774
94776
94783
94788
94808
94845
94846
94851
94853
94855
94858
94860
94861
94892
94900
94903
94905
94911
94915
94932
94964
94965
94969
94970
94972
94975
94977
94978
95014
95015
95017
95023
95028
95044
95048
95050
95067
95068
95071
95073
95075
95078
95079
95122
95123
95125
95131
95136
95152
95156
95158
95175
95176
95179
95181
95183
95186
95187
95230
95231
95233
95239
95244
95260
95264
95266
95283
95284
95287
95289
95291
95294
95295
95338
95339
95341
95347
95352
95368
95372
95374
95391
95392
95395
95397
95399
95402
95403
95443
95444
95446
95451
95455
95469
95472
95473
95489
95490
95492
95494
95495
95498
95499
95526
95539
95542
95544
95551
95556
95572
95576
95578
95595
95596
95599
95601
95603
95605
95608
95610
95611
95646
95659
95662
95664
95671
95676
95692
95696
95698
95715
95716
95719
95721
95723
95725
95728
95730
95731
95766
95779
95782
95784
95791
95796
95812
95816
95818
95835
95836
95839
95841
95843
95845
95848
95850
95851
95886
95899
95902
95904
95911
95916
95932
95936
95938
95955
95956
95959
95961
95963
95965
95968
95970
95971
96006
96016
96019
96021
96027
96031
96045
96048
96049
96065
96066
96068
96070
96071
96073
96076
96078
96079
96122
96133
96136
96138
96145
96150
96167
96170
96173
96191
96211
96218
96232
96233
96236
96237
96239
96241
96244
96246
96247
96308
96319
96322
96324
96331
96336
96353
96356
96359
96377
96397
96404
96418
96419
96422
96423
96425
96427
96430
96432
96433
96494
96505
96508
96510
96517
96522
96539
96542
96545
96563
96583
96590
96604
96605
96608
96609
96611
96613
96616
96618
96619
96680
96691
96694
96696
96703
96708
96725
96728
96731
96749
96769
96776
96790
96791
96794
96795
96797
96799
96802
96804
96805
96863
96871
96874
96876
96882
96886
96901
96903
96905
96921
96939
96944
96957
96958
96960
96961
96962
96964
96967
96969
96970
97033
97034
97036
97051
97054
97056
97063
97068
97085
97088
97091
97106
97109
97112
97127
97130
97133
97232
97235
97238
97253
97256
97259
97273
97274
97277
97278
97280
97282
97285
97287
97304
97305
97378
97379
97381
97396
97399
97401
97408
97413
97430
97433
97436
97451
97454
97457
97472
97475
97478
97577
97580
97583
97598
97601
97604
97618
97619
97622
97623
97625
97627
97630
97632
97649
97650
97723
97724
97726
97741
97744
97746
97753
97758
97775
97778
97781
97796
97799
97802
97817
97820
97823
97922
97925
97928
97943
97946
97949
97963
97964
97967
97968
97970
97972
97975
97977
97994
97995
98068
98069
98071
98086
98089
98091
98098
98103
98120
98123
98126
98141
98144
98147
98162
98165
98168
98267
98270
98273
98288
98291
98294
98308
98309
98312
98313
98315
98317
98320
98322
98339
98340
98407
98408
98410
98422
98425
98427
98433
98437
98452
98454
98456
98470
98472
98474
98488
98490
98492
98578
98580
98582
98596
98598
98600
98613
98614
98616
98617
98618
98620
98623
98625
98639
98640
98726
98737
98739
98740
98755
98757
98758
98773
98775
98776
98791
98793
98794
98795
98921
98932
98934
98935
98950
98952
98953
98968
98970
98971
98986
98988
98989
98990
99116
99127
99129
99130
99145
99147
99148
99163
99165
99166
99181
99183
99184
99185
99311
99322
99324
99325
99340
99342
99343
99358
99360
99361
99376
99378
99379
99380
99497
99505
99507
99508
99520
99522
99523
99535
99537
99538
99550
99552
99553
99554
201473
201476
202681
202683
202826
204205
204223
)
;
    flipMap         List<bool> 
3534
(
1
1
1
1
1
1
1
1
1
1
1
1
1
1
1
1
1
1
1
1
1
1
1
0
0
0
0
0
0
0
1
1
1
1
0
0
0
0
0
0
0
1
1
1
1
0
0
0
0
0
0
0
1
1
1
1
0
0
0
0
0
0
0
1
1
1
1
0
0
0
0
0
0
0
1
1
1
0
0
0
1
1
1
1
0
0
0
0
1
1
1
0
0
0
0
1
1
1
0
0
0
0
1
1
1
0
0
0
0
1
1
1
0
0
0
0
1
1
0
1
1
1
0
0
0
1
1
1
0
0
0
1
1
1
0
0
0
1
1
1
0
0
0
1
1
1
0
0
0
1
1
0
1
1
0
0
0
1
1
0
0
0
1
1
0
0
0
1
1
0
0
0
1
1
0
0
0
1
1
0
1
1
1
0
0
1
1
1
0
0
1
1
1
0
0
1
1
1
0
0
1
1
1
0
0
1
1
1
1
1
1
0
0
1
1
0
0
1
1
0
0
1
1
0
0
1
1
0
0
0
0
1
1
0
0
1
1
0
0
1
1
0
0
1
1
0
0
1
1
0
0
0
0
1
0
0
1
0
0
1
0
0
1
0
0
1
0
0
0
0
0
0
1
1
0
0
1
1
0
0
1
1
0
0
1
1
0
0
1
1
1
1
0
0
1
0
0
1
0
0
1
0
0
1
0
0
1
1
1
0
0
1
0
0
1
0
0
1
0
0
1
0
0
0
0
0
0
1
0
0
1
0
0
1
0
0
1
0
0
1
1
1
0
0
1
0
0
1
0
0
1
0
0
1
0
0
0
0
0
0
1
0
0
1
0
0
1
0
0
1
0
0
1
1
0
1
1
0
1
1
0
1
1
0
1
1
0
1
1
1
1
1
0
1
0
1
0
1
0
1
0
0
0
0
1
0
0
1
0
0
1
0
0
1
0
0
1
1
0
1
0
1
0
1
0
1
0
1
1
0
1
0
1
0
1
0
1
0
1
1
1
0
0
1
0
0
1
0
0
1
0
0
1
0
0
1
0
1
0
1
0
1
0
1
0
0
1
0
1
0
1
0
1
0
1
0
0
1
0
1
0
1
0
1
0
1
0
0
1
1
0
1
1
0
1
1
0
1
1
0
1
1
0
1
0
1
0
1
0
1
0
1
0
1
0
1
0
1
0
1
0
1
1
1
0
1
1
0
1
1
0
1
1
0
1
1
0
1
0
0
1
0
0
1
0
0
1
0
0
1
0
0
0
1
0
1
0
1
0
1
0
1
1
1
0
1
1
0
1
1
0
1
1
0
1
1
0
0
1
1
0
1
1
0
1
1
0
1
1
0
1
1
1
1
0
1
1
0
1
1
0
1
1
0
1
1
0
0
1
1
0
1
1
0
1
1
0
1
1
0
1
1
1
1
0
0
1
1
0
0
1
1
0
0
1
1
0
0
1
1
0
0
1
1
0
1
1
0
1
1
0
1
1
0
1
1
0
0
0
1
1
0
0
1
1
0
0
1
1
0
0
1
1
0
0
1
1
0
0
1
1
0
0
1
1
0
0
1
1
0
0
1
1
0
0
1
1
0
0
0
1
1
0
0
0
1
1
0
0
0
1
1
0
0
0
1
1
0
0
0
1
1
1
1
0
0
1
1
0
0
1
1
0
0
1
1
0
0
1
1
0
0
1
0
0
0
1
1
1
0
0
0
1
1
1
0
0
0
1
1
1
0
0
0
1
1
1
0
0
0
1
1
1
0
0
0
1
1
1
0
0
0
1
1
1
0
0
0
1
1
1
0
0
0
1
1
1
0
0
0
1
1
1
1
1
0
0
0
0
1
1
1
1
0
0
0
0
1
1
1
1
0
0
0
0
1
1
1
1
0
0
0
0
1
1
1
1
0
0
0
0
1
1
1
1
0
0
0
0
0
1
1
1
1
1
1
1
0
0
0
0
0
1
1
1
1
1
1
1
0
0
0
0
0
1
1
1
1
1
1
1
0
0
0
0
0
1
1
1
1
1
1
1
0
0
0
0
0
1
1
1
1
1
1
1
1
1
1
1
1
1
1
1
1
1
1
1
1
1
1
1
1
1
1
1
0
0
1
1
1
1
1
1
1
1
1
1
1
1
1
1
1
1
1
1
1
1
1
1
1
1
1
1
1
1
1
1
1
1
0
0
1
1
1
1
1
1
1
1
1
1
1
1
1
1
1
1
1
1
1
1
1
1
1
1
1
1
1
1
1
1
1
1
0
0
1
1
1
1
1
1
1
1
1
1
1
1
1
1
1
1
1
1
1
1
1
1
1
1
1
1
1
1
1
1
1
1
0
0
1
1
1
1
1
1
1
1
1
1
1
1
1
1
1
1
1
1
1
1
1
1
1
1
1
1
1
1
1
1
1
1
0
0
1
1
1
1
1
1
1
1
1
1
1
1
1
0
1
1
1
1
1
1
1
1
1
1
1
1
1
1
0
1
1
1
1
0
1
0
1
1
1
1
1
1
1
1
1
1
1
1
1
1
1
1
0
1
1
1
1
0
1
0
1
1
1
1
1
1
1
1
1
1
1
1
1
1
1
1
0
1
1
1
1
0
1
0
1
1
1
1
1
1
1
1
1
1
1
1
1
1
1
1
0
1
1
1
1
0
1
0
1
1
1
1
1
1
1
1
1
1
1
1
1
1
1
1
0
1
1
1
1
0
1
0
1
1
1
1
1
0
1
1
1
1
1
1
1
1
1
1
1
0
1
1
1
0
0
1
1
1
1
1
1
1
1
1
1
1
1
0
1
1
1
0
0
1
1
1
1
1
1
1
1
1
1
1
1
0
1
1
1
0
0
1
1
1
1
1
1
1
1
1
1
1
1
0
1
1
1
0
0
1
1
1
1
1
1
1
1
1
1
1
1
0
1
1
1
0
0
1
1
1
1
0
1
1
1
1
1
1
1
1
1
1
0
1
1
1
0
0
1
1
1
1
1
1
1
1
1
1
1
1
0
1
1
1
0
0
1
1
1
1
1
1
1
1
1
1
1
1
0
1
1
1
0
0
1
1
1
1
1
1
1
1
1
1
1
1
0
1
1
1
0
0
1
1
1
1
1
1
1
1
1
1
1
1
0
1
1
1
0
0
1
1
1
1
0
1
1
1
1
1
1
1
0
1
0
1
0
1
1
1
1
1
1
1
0
1
0
1
0
1
1
1
1
1
1
1
0
1
0
1
0
1
1
1
1
1
1
1
0
1
0
1
0
1
1
1
1
1
1
1
0
1
0
1
0
1
0
1
1
1
1
1
1
1
1
1
0
1
1
1
0
0
1
1
1
1
1
1
1
1
1
0
1
1
1
0
0
1
1
1
1
1
1
1
1
1
0
1
1
1
0
0
1
1
1
1
1
1
1
1
1
0
1
1
1
0
0
1
1
1
1
1
1
1
1
1
0
1
1
1
0
0
1
1
0
1
1
1
1
1
1
1
0
1
0
0
1
1
1
1
1
1
1
1
0
1
0
0
1
1
1
1
1
1
1
1
0
1
0
0
1
1
1
1
1
1
1
1
0
1
0
0
1
1
1
1
1
1
1
1
0
1
0
0
1
1
0
1
1
1
1
1
1
1
0
1
0
0
1
1
1
1
1
1
1
1
0
1
0
0
1
1
1
1
1
1
1
1
0
1
0
0
1
1
1
1
1
1
1
1
0
1
0
0
1
1
1
1
1
1
1
1
0
1
0
0
1
1
0
1
1
1
1
0
0
1
0
1
1
1
1
1
0
0
1
0
1
1
1
1
1
0
0
1
0
1
1
1
1
1
0
0
1
0
1
1
1
1
1
0
0
1
0
1
0
1
1
1
1
1
1
1
0
1
0
1
0
1
1
1
1
1
1
1
0
1
0
1
0
1
1
1
1
1
1
1
0
1
0
1
0
1
1
1
1
1
1
1
0
1
0
1
0
1
1
1
1
1
1
1
0
1
0
1
0
1
0
1
1
1
1
1
1
0
0
0
1
1
1
1
1
1
0
0
0
1
1
1
1
1
1
0
0
0
1
1
1
1
1
1
0
0
0
1
1
1
1
1
1
0
0
0
1
0
1
1
1
1
0
0
1
0
1
1
1
1
1
0
0
1
0
1
1
1
1
1
0
0
1
0
1
1
1
1
1
0
0
1
0
1
1
1
1
1
0
0
1
0
1
0
1
1
1
1
1
1
0
0
0
1
1
1
1
1
1
0
0
0
1
1
1
1
1
1
0
0
0
1
1
1
1
1
1
0
0
0
1
1
1
1
1
1
0
0
0
1
0
1
1
1
1
0
0
1
0
1
1
1
1
1
0
0
1
0
1
1
1
1
1
0
0
1
0
1
1
1
1
1
0
0
1
0
1
1
1
1
1
0
0
1
0
1
0
1
1
1
1
0
0
0
1
1
1
0
0
0
1
1
1
0
0
0
1
1
1
0
0
0
1
1
1
0
0
0
0
1
1
1
1
1
0
1
0
0
1
1
1
1
1
0
1
0
0
1
1
1
1
1
0
1
0
0
1
1
1
1
1
0
1
0
0
1
1
1
1
1
0
1
0
0
0
1
1
1
1
0
0
1
0
1
1
1
1
1
0
0
1
0
1
1
1
1
1
0
0
1
0
1
1
1
1
1
0
0
1
0
1
1
1
1
1
0
0
1
0
1
0
1
1
1
1
0
0
0
1
1
1
0
0
0
1
1
1
0
0
0
1
1
1
0
0
0
1
1
1
0
0
0
0
1
1
1
0
0
0
1
1
1
0
0
0
1
1
1
0
0
0
1
1
1
0
0
0
1
1
1
0
0
0
0
1
1
1
1
1
0
0
0
1
1
1
1
1
1
0
0
0
1
1
1
1
1
1
0
0
0
1
1
1
1
1
1
0
0
0
1
1
1
1
1
1
0
0
0
1
0
1
1
1
0
0
0
1
1
1
0
0
0
1
1
1
0
0
0
1
1
1
0
0
0
1
1
1
0
0
0
0
1
1
1
0
0
0
1
1
1
0
0
0
1
1
1
0
0
0
1
1
1
0
0
0
1
1
1
0
0
0
0
1
1
1
0
0
0
1
1
1
0
0
0
1
1
1
0
0
0
1
1
1
0
0
0
1
1
1
0
0
0
0
1
1
0
1
0
0
0
0
0
1
1
0
1
0
0
0
0
0
1
1
0
1
0
0
0
0
0
1
1
0
1
0
0
0
0
0
1
1
0
1
0
0
0
0
0
1
1
1
0
0
0
1
1
1
0
0
0
1
1
1
0
0
0
1
1
1
0
0
0
1
1
1
0
0
0
1
1
1
0
0
0
1
1
1
0
0
0
1
1
1
0
0
0
1
1
1
0
0
0
1
1
1
0
0
0
1
1
1
0
0
0
0
0
0
1
1
1
0
0
0
0
0
0
1
1
1
0
0
0
0
0
0
1
1
1
0
0
0
0
0
0
1
1
1
0
0
0
0
0
0
1
1
1
0
0
0
1
1
1
0
0
0
1
1
1
0
0
0
1
1
1
0
0
0
1
1
1
0
0
0
0
1
0
1
1
0
0
0
0
0
1
0
1
1
0
0
0
0
0
1
0
1
1
0
0
0
0
0
1
0
1
1
0
0
0
0
0
1
0
1
1
0
0
0
0
1
1
1
0
0
0
0
0
0
1
1
1
0
0
0
0
0
0
1
1
1
0
0
0
0
0
0
1
1
1
0
0
0
0
0
0
1
1
1
0
0
0
0
0
0
1
1
0
1
0
0
0
0
0
1
1
0
1
0
0
0
0
0
1
1
0
1
0
0
0
0
0
1
1
0
1
0
0
0
0
0
1
1
0
1
0
0
0
0
0
1
1
1
0
0
0
0
0
0
1
1
1
0
0
0
0
0
0
1
1
1
0
0
0
0
0
0
1
1
1
0
0
0
0
0
0
1
1
1
0
0
0
0
0
0
1
1
0
1
0
0
0
0
0
1
1
0
1
0
0
0
0
0
1
1
0
1
0
0
0
0
0
1
1
0
1
0
0
0
0
0
1
1
0
1
0
0
0
0
0
1
1
1
0
0
0
0
0
0
1
1
1
0
0
0
0
0
0
1
1
1
0
0
0
0
0
0
1
1
1
0
0
0
0
0
0
1
1
1
0
0
0
0
0
0
0
1
0
1
1
0
0
0
0
0
0
0
0
1
0
1
1
0
0
0
0
0
0
0
0
1
0
1
1
0
0
0
0
0
0
0
0
1
0
1
1
0
0
0
0
0
0
0
0
1
0
1
1
0
0
0
0
0
0
0
1
1
0
1
0
0
0
0
0
1
1
0
1
0
0
0
0
0
1
1
0
1
0
0
0
0
0
1
1
0
1
0
0
0
0
0
1
1
0
1
0
0
0
0
0
1
0
1
0
1
0
0
0
0
0
0
0
1
0
1
0
1
0
0
0
0
0
0
0
1
0
1
0
1
0
0
0
0
0
0
0
1
0
1
0
1
0
0
0
0
0
0
0
1
0
1
0
1
0
0
0
0
0
0
0
1
0
1
0
1
0
0
0
0
0
0
0
1
0
1
0
1
0
0
0
0
0
0
0
1
0
1
0
1
0
0
0
0
0
0
0
1
0
1
0
1
0
0
0
0
0
0
0
1
0
1
0
1
0
0
0
0
0
0
0
1
0
0
0
1
1
0
0
0
0
0
0
0
0
0
1
0
0
0
1
1
0
0
0
0
0
0
0
0
0
1
0
0
0
1
1
0
0
0
0
0
0
0
0
0
1
0
0
0
1
1
0
0
0
0
0
0
0
0
0
1
0
0
0
1
1
0
0
0
0
0
0
0
0
0
0
1
0
1
1
0
0
0
0
0
0
0
0
0
0
0
1
0
1
1
0
0
0
0
0
0
0
0
0
0
0
1
0
1
1
0
0
0
0
0
0
0
0
0
0
0
1
0
1
1
0
0
0
0
0
0
0
0
0
0
0
1
0
1
1
0
0
0
0
0
0
0
0
0
0
1
0
0
0
1
1
0
0
0
0
0
0
0
0
0
0
0
0
1
0
0
0
1
1
0
0
0
0
0
0
0
0
0
0
0
0
1
0
0
0
1
1
0
0
0
0
0
0
0
0
0
0
0
0
1
0
0
0
1
1
0
0
0
0
0
0
0
0
0
0
0
0
1
0
0
0
1
1
0
0
0
0
0
0
0
0
0
0
0
0
1
0
0
0
1
1
0
0
0
0
0
0
0
0
0
0
0
0
0
0
0
1
0
0
0
1
1
0
0
0
0
0
0
0
0
0
0
0
0
0
0
0
1
0
0
0
1
1
0
0
0
0
0
0
0
0
0
0
0
0
0
0
0
1
0
0
0
1
1
0
0
0
0
0
0
0
0
0
0
0
0
0
0
0
1
0
0
0
1
1
0
0
0
0
0
0
0
0
0
0
0
0
0
0
0
0
1
0
0
0
0
1
1
0
0
0
0
0
0
0
0
0
0
0
0
0
0
0
0
0
0
0
0
0
0
0
0
0
0
1
0
0
0
0
1
1
0
0
0
0
0
0
0
0
0
0
0
0
0
0
0
0
0
0
0
0
0
0
0
0
0
0
1
0
0
0
0
1
1
0
0
0
0
0
0
0
0
0
0
0
0
0
0
0
0
0
0
0
0
0
0
0
0
0
0
1
0
0
0
0
1
1
0
0
0
0
0
0
0
0
0
0
0
0
0
0
0
0
0
0
0
0
0
0
0
0
0
0
1
0
0
0
0
1
1
0
0
0
0
0
0
0
0
0
0
0
0
0
0
0
0
0
0
0
0
0
0
0
0
0
1
0
0
0
0
0
0
0
0
0
0
0
0
0
1
0
0
0
0
0
0
0
0
0
0
0
0
0
1
0
0
0
0
0
0
0
0
0
0
0
0
0
1
0
0
0
0
0
0
0
0
0
0
0
0
0
1
0
0
0
0
0
0
0
0
0
0
0
0
0
0
1
1
1
1
1
1
)
;
}
)

// ************************************************************************* //
