/*--------------------------------*- C++ -*----------------------------------*\
| =========                 |                                                 |
| \\      /  F ield         | OpenFOAM: The Open Source CFD Toolbox           |
|  \\    /   O peration     | Version:  2412                                  |
|   \\  /    A nd           | Website:  www.openfoam.com                      |
|    \\/     M anipulation  |                                                 |
\*---------------------------------------------------------------------------*/
FoamFile
{
    version     2.0;
    format      ascii;
    arch        "LSB;label=32;scalar=64";
    class       regIOobject;
    location    "constant/polyMesh";
    object      faceZones;
    meta
    {
        names           1 ( faceMRFzone );
    }
}
// * * * * * * * * * * * * * * * * * * * * * * * * * * * * * * * * * * * * * //

1
(faceMRFzone
{
    type            faceZone;
    faceLabels      List<label> 
1344
(
1915
1919
1921
1922
1927
1932
1937
1942
1944
1950
2046
2051
2053
2054
2060
2066
2072
2078
2081
2088
2181
2186
2188
2189
2195
2201
2207
2213
2216
2223
2279
2284
2285
2286
2291
2296
2301
2306
2309
2314
2375
2377
2378
2422
2427
2508
2510
2511
2564
2570
2573
2655
2657
2658
2711
2717
2720
2773
2774
2775
2819
2824
2827
2888
2889
2947
2952
2955
3029
3031
3100
3107
3110
3184
3186
3255
3262
3265
3310
3312
3369
3375
3377
3431
3432
3505
3508
3576
3578
3666
3669
3738
3740
3828
3831
3873
3875
3948
3950
3999
4000
4083
4086
4150
4152
4252
4255
4318
4320
4420
4423
4462
4464
4547
4549
4598
4599
4691
4760
4762
4874
4936
4938
5050
5086
5088
5181
5222
5224
5359
5361
5475
5477
5534
5536
5650
5652
5688
5689
5784
5786
5832
5897
5962
6087
6145
6270
6304
6408
6446
6506
6508
6569
6684
6687
6742
6871
6874
6909
7016
7019
7063
7065
7129
7194
7196
7293
7352
7354
7482
7520
7521
7628
7672
7758
7817
7917
7969
8113
8144
8264
8303
8395
8454
8536
8588
8716
8747
8851
8890
8923
8982
8999
9051
9097
9128
9166
9204
9298
9357
9452
9504
9648
9678
9798
9835
9838
9921
9980
9983
10081
10133
10136
10276
10306
10308
10425
10461
10529
10590
10697
10752
10884
10918
11028
11072
11139
11140
11207
11328
11330
11390
11513
11515
11548
11650
11652
11687
11690
11782
11841
11844
11966
12018
12021
12143
12172
12174
12276
12317
12411
12412
12484
12596
12598
12662
12774
12776
12810
12903
12905
12941
12942
13032
13034
13097
13099
13207
13209
13265
13267
13375
13377
13408
13410
13500
13501
13544
13545
13625
13627
13700
13702
13798
13800
13866
13868
13964
13966
14001
14003
14083
14084
14127
14128
14198
14200
14277
14279
14363
14365
14434
14436
14520
14522
14557
14559
14629
14630
14673
14678
14681
14732
14733
14813
14820
14823
14884
14886
14958
14965
14968
15029
15031
15069
15075
15077
15128
15130
15183
15189
15192
15196
15227
15228
15229
15233
15325
15333
15336
15341
15378
15379
15381
15385
15468
15476
15479
15484
15521
15522
15524
15528
15569
15576
15578
15582
15613
15614
15616
15619
15679
15684
15689
15694
15699
15812
15818
15824
15830
15836
15939
15945
15951
15957
15963
16018
16023
16028
16033
16038
18572
18579
18591
18594
18597
18609
18612
18615
18627
18630
18633
18645
18648
18651
18666
18683
18690
18702
18705
18708
18720
18723
18726
18738
18741
18744
18756
18759
18762
18777
18794
18801
18813
18816
18819
18831
18834
18837
18849
18852
18855
18867
18870
18873
18888
18896
18900
18904
18908
18912
18928
18934
18945
18946
18949
18950
18952
18954
18957
18959
18976
18977
19059
19060
19062
19077
19080
19082
19089
19094
19108
19111
19114
19122
19136
19142
19153
19154
19157
19158
19160
19162
19165
19167
19184
19185
19267
19268
19270
19285
19288
19290
19297
19302
19316
19319
19322
19335
19349
19355
19366
19367
19370
19371
19373
19375
19378
19380
19397
19398
19480
19481
19483
19498
19501
19503
19510
19515
19529
19532
19535
19548
19554
19557
19558
19559
19582
19586
19589
19594
19610
19611
19614
19616
19618
19621
19622
19712
19714
19720
19725
19738
19742
19744
19758
19759
19762
19764
19766
19769
19770
19861
19862
19864
19870
19875
19888
19892
19894
19908
19909
19912
19914
19916
19919
19920
20011
20012
20014
20020
20025
20038
20042
20044
20049
20050
20072
20074
20078
20081
20087
20088
20091
20097
20099
20188
20206
20212
20215
20217
20221
20224
20230
20231
20234
20240
20242
20331
20350
20356
20359
20361
20365
20368
20374
20375
20378
20384
20386
20472
20491
20497
20500
20502
20506
20508
20510
20525
20526
20529
20535
20536
20539
20545
20547
20630
20648
20654
20657
20659
20663
20666
20672
20673
20676
20682
20684
20767
20786
20792
20795
20797
20801
20804
20810
20811
20814
20820
20822
20904
20923
20929
20932
20934
20938
20940
20942
20965
20966
20969
20975
20976
20979
20985
20987
21070
21088
21094
21097
21099
21103
21106
21112
21113
21116
21122
21124
21207
21226
21232
21235
21237
21241
21244
21250
21251
21254
21260
21262
21344
21363
21369
21372
21374
21378
21380
21382
21404
21405
21414
21420
21421
21425
21427
21504
21510
21516
21533
21543
21549
21550
21554
21556
21635
21641
21647
21665
21675
21681
21682
21686
21688
21766
21772
21778
21796
21802
21803
21818
21834
21839
21844
21845
21903
21904
21907
21919
21943
21948
21953
21954
22021
22022
22025
22032
22038
22066
22071
22076
22077
22146
22147
22150
22157
22163
22183
22196
22199
22209
22214
22215
22219
22221
22274
22280
22286
22301
22309
22314
22315
22319
22321
22376
22382
22388
22403
22411
22416
22417
22421
22423
22501
22507
22513
22528
22533
22534
22549
22556
22562
22568
22616
22621
22626
22634
22640
22646
22694
22699
22704
22712
22718
22724
22822
22827
22832
22839
22859
22875
22880
22885
22886
22908
22909
22912
22919
22925
22959
22964
22969
22970
23004
23005
23008
23015
23021
23055
23060
23065
23066
23118
23119
23122
23129
23135
23159
23165
23168
23179
23184
23189
23467
23473
23479
23502
23507
23512
23851
23857
23863
23886
23891
23896
24328
24334
24340
24360
24369
24379
24384
24389
24473
24478
24483
24506
24511
24516
24627
24632
24637
24660
24665
24670
24802
24807
24812
24832
24839
24849
24854
24859
25023
25028
25033
25056
25061
25066
25259
25264
25269
25292
25297
25302
25516
25521
25526
25546
25553
25563
25568
25573
25819
25825
25831
25854
25859
25864
26163
26169
26175
26198
26203
26208
26592
26598
26604
26624
26633
26643
26659
26663
26668
26679
26683
26684
26686
26692
26719
26735
26739
26744
26765
26769
26770
26772
26778
26805
26821
26825
26830
26873
26877
26878
26880
26886
26913
26916
26917
26926
26932
26937
26938
26944
26992
26997
27002
27004
27010
27016
27021
27022
27028
27076
27081
27086
27088
27094
27100
27105
27106
27112
27211
27216
27221
27223
27228
27231
27244
27252
27257
27262
27327
27333
27339
27362
27367
27372
27453
27459
27465
27488
27493
27498
27576
27582
27588
27608
27617
27627
27640
27644
27647
27649
27653
27710
27714
27715
27717
27723
27725
27747
27760
27764
27767
27769
27773
27830
27834
27835
27837
27843
27845
27867
27880
27884
27887
27889
27893
27947
27951
27952
27954
27960
27962
27983
27984
27986
27987
27998
28003
28008
28028
28094
28101
28102
28107
28109
28130
28135
28140
28160
28226
28233
28234
28239
28241
28262
28267
28272
28292
28355
28362
28363
28368
28370
28388
28399
28400
28405
28406
28409
28416
28422
28442
28515
28516
28521
28523
28526
28527
28543
28544
28547
28554
28560
28580
28653
28654
28659
28661
28664
28665
28681
28682
28685
28692
28698
28718
28788
28789
28794
28796
28799
28800
28815
28818
28829
28830
28836
28837
28840
28847
28853
28873
28946
28947
28952
28954
28957
28958
28974
28975
28978
28985
28991
29011
29084
29085
29090
29092
29095
29096
29112
29113
29116
29123
29129
29149
29219
29220
29225
29227
29230
29231
29246
29249
29260
29261
29267
29268
29271
29278
29284
29300
29304
29306
29374
29375
29378
29380
29382
29385
29386
29402
29403
29406
29413
29419
29435
29439
29441
29509
29510
29513
29515
29517
29520
29521
29537
29538
29541
29548
29554
29570
29574
29576
29641
29642
29645
29647
29649
29652
29653
29668
29671
29676
29682
29683
29694
29710
29716
29720
29721
29726
29741
29744
29747
29807
29810
29813
29815
29820
29821
29824
29829
29831
29856
29872
29878
29882
29883
29888
29903
29906
29909
29969
29972
29975
29977
29982
29983
29986
29991
29993
30018
30034
30040
30044
30045
30050
30065
30068
30071
30131
30134
30137
30139
30144
30145
30148
30153
30155
30180
30182
30187
30203
30204
30206
30232
30243
30245
30246
30264
30270
30274
30275
30280
30295
30298
30301
30313
30316
30319
30331
30334
30337
30352
30355
30358
30360
30365
30369
30374
30376
30381
30383
30384
30385
30445
30456
30458
30459
30477
30483
30487
30488
30493
30508
30511
30514
30526
30529
30532
30544
30547
30550
30565
30568
30571
30573
30578
30582
30587
30589
30594
30596
30597
30598
30658
30669
30671
30672
30690
30696
30700
30701
30706
30721
30724
30727
30739
30742
30745
30757
30760
30763
30778
30781
30784
30786
30791
30795
30800
30802
30807
30809
30810
30811
30857
30863
30865
30870
30874
30878
30883
30884
30886
30889
46413
46627
46628
47691
47804
)
;
    flipMap         List<bool> 
1344
(
1
1
1
0
0
0
0
0
0
1
1
1
1
0
0
0
0
0
0
1
1
1
1
0
0
0
0
0
0
1
1
1
1
0
0
0
0
0
0
1
1
1
0
0
0
1
1
0
0
0
0
1
1
0
0
0
0
1
1
0
0
0
0
0
0
0
1
1
0
0
0
1
1
0
0
0
1
1
0
0
0
1
1
0
0
1
1
0
0
1
1
0
0
1
1
0
0
1
1
0
0
1
1
0
0
1
1
0
0
1
1
0
0
1
1
0
0
1
0
0
1
0
0
1
0
0
1
1
1
1
1
0
0
1
1
0
0
1
1
0
0
0
1
0
1
0
1
0
1
1
0
0
1
0
0
1
0
0
1
0
0
1
1
0
1
1
0
1
1
0
1
1
0
0
1
0
1
0
1
0
1
0
1
0
1
0
1
0
1
0
1
0
1
0
1
0
1
0
1
0
1
0
1
0
1
0
0
1
0
0
1
0
0
1
0
0
1
1
0
1
0
1
0
1
0
0
1
1
0
1
1
0
1
1
0
1
1
0
0
1
0
0
1
0
0
1
0
0
1
0
1
1
0
1
1
0
1
1
0
1
1
1
1
0
0
1
1
0
0
1
1
0
0
1
1
0
0
1
1
0
0
1
1
0
0
1
1
0
0
1
1
0
0
1
1
0
0
1
1
0
0
1
1
0
0
1
1
0
0
1
0
0
1
1
1
0
0
1
1
1
0
0
1
1
1
0
0
1
1
1
0
0
0
0
1
1
1
1
0
0
0
0
1
1
1
1
0
0
0
0
1
1
1
1
0
0
0
0
1
1
1
1
1
1
1
1
1
1
1
1
1
1
1
1
1
1
1
1
1
1
1
1
1
1
1
1
1
1
1
1
1
1
1
1
1
1
1
1
1
1
1
1
1
1
1
1
1
1
1
1
1
1
1
1
1
1
1
1
1
1
1
1
1
1
1
1
1
1
1
1
1
1
1
1
1
1
1
1
1
1
1
1
1
1
0
1
1
1
1
0
0
1
1
1
1
1
1
1
1
1
1
1
1
1
1
1
1
1
0
1
1
1
1
0
0
1
1
1
1
1
1
1
1
1
1
1
1
1
1
1
1
1
0
1
1
1
1
0
0
1
1
1
1
1
1
1
1
1
1
0
1
1
1
1
1
1
1
1
0
1
0
0
1
1
1
1
1
1
1
1
1
1
1
0
1
0
0
1
1
1
1
1
1
1
1
1
1
1
0
1
0
0
1
1
1
1
1
1
0
1
1
1
1
1
1
1
0
1
0
1
0
1
1
1
1
1
1
1
0
1
0
1
0
1
1
1
1
1
1
1
0
1
0
1
0
1
1
1
0
1
1
1
1
1
1
1
0
1
0
1
0
1
1
1
1
1
1
1
0
1
0
1
0
1
1
1
1
1
1
1
0
1
0
1
0
1
1
1
0
1
1
1
1
1
1
1
0
1
0
1
0
1
1
1
1
1
1
1
0
1
0
1
0
1
1
1
1
1
1
1
0
1
0
1
0
1
1
1
0
1
1
1
1
1
1
0
0
0
1
1
1
1
1
1
0
0
0
1
1
1
1
1
1
0
0
0
1
1
1
0
1
1
1
1
1
0
1
0
1
1
1
1
1
0
1
0
0
1
1
1
1
1
0
1
0
0
1
1
0
1
1
1
1
1
0
0
0
1
1
1
1
1
1
0
0
0
1
1
1
1
1
1
0
0
0
1
1
1
0
1
1
1
0
0
0
1
1
1
0
0
0
1
1
1
0
0
0
1
0
1
1
1
1
1
0
1
0
0
1
1
1
1
1
0
1
0
0
1
1
1
1
1
0
1
0
0
1
1
0
1
1
1
0
0
0
1
1
1
0
0
0
1
1
1
0
0
0
1
0
1
1
1
0
0
0
1
1
1
0
0
0
1
1
1
0
0
0
1
0
1
1
1
0
0
0
1
1
1
0
0
0
1
1
1
0
0
0
1
0
1
1
1
0
0
0
1
1
1
0
0
0
1
1
1
0
0
0
1
0
1
0
1
1
0
0
0
0
0
1
0
1
1
0
0
0
0
0
1
0
1
1
0
0
0
0
0
1
0
0
1
1
0
1
0
0
0
0
0
1
1
0
1
0
0
0
0
0
1
1
0
1
0
0
0
0
0
1
0
0
1
1
1
0
0
0
1
1
1
0
0
0
1
1
1
0
0
0
1
0
1
0
1
0
1
0
0
0
0
0
0
0
1
0
1
0
1
0
0
0
0
0
0
0
1
0
1
0
1
0
0
0
0
0
0
0
1
0
0
0
1
1
1
0
0
0
0
0
0
1
1
1
0
0
0
0
0
0
1
1
1
0
0
0
0
0
0
1
0
0
0
1
0
1
1
0
0
0
0
0
0
0
0
1
0
1
1
0
0
0
0
0
0
0
0
1
0
1
1
0
0
0
0
0
0
0
0
1
0
0
0
1
0
1
1
0
0
0
0
0
0
0
0
1
0
1
1
0
0
0
0
0
0
0
0
1
0
1
1
0
0
0
0
0
0
0
0
1
0
0
0
1
0
1
1
0
0
0
0
0
0
0
0
0
0
0
1
0
1
1
0
0
0
0
0
0
0
0
0
0
0
1
0
1
1
0
0
0
0
0
0
0
0
0
0
0
1
0
0
0
1
0
1
0
1
0
0
0
0
0
0
0
0
0
0
0
0
0
1
0
1
0
1
0
0
0
0
0
0
0
0
0
0
0
0
0
1
0
1
0
1
0
0
0
0
0
0
0
0
0
0
0
0
0
1
0
0
0
0
0
1
0
0
0
0
1
0
1
0
0
0
0
0
0
0
0
0
0
0
0
0
0
0
0
0
0
0
0
0
0
1
0
0
0
0
1
0
1
0
0
0
0
0
0
0
0
0
0
0
0
0
0
0
0
0
0
0
0
0
0
1
0
0
0
0
1
0
1
0
0
0
0
0
0
0
0
0
0
0
0
0
0
0
0
0
0
0
0
0
0
0
1
0
0
0
0
0
0
0
0
0
1
1
0
0
)
;
}
)

// ************************************************************************* //
