/*--------------------------------*- C++ -*----------------------------------*\
| =========                 |                                                 |
| \\      /  F ield         | OpenFOAM: The Open Source CFD Toolbox           |
|  \\    /   O peration     | Version:  2412                                  |
|   \\  /    A nd           | Website:  www.openfoam.com                      |
|    \\/     M anipulation  |                                                 |
\*---------------------------------------------------------------------------*/
FoamFile
{
    version     2.0;
    format      ascii;
    arch        "LSB;label=32;scalar=64";
    class       regIOobject;
    location    "constant/polyMesh";
    object      faceZones;
    meta
    {
        names           1 ( faceMRFzone );
    }
}
// * * * * * * * * * * * * * * * * * * * * * * * * * * * * * * * * * * * * * //

1
(faceMRFzone
{
    type            faceZone;
    faceLabels      List<label> 
10456
(
11886
11890
11892
11893
11894
11899
11900
11905
11906
11911
11912
11917
11918
11920
11928
11932
12024
12028
12030
12031
12037
12043
12049
12055
12058
12066
12071
12163
12167
12169
12170
12176
12182
12188
12194
12197
12205
12210
12302
12306
12308
12309
12315
12321
12327
12333
12336
12344
12349
12441
12445
12447
12448
12454
12460
12466
12472
12475
12483
12488
12580
12584
12586
12587
12593
12599
12605
12611
12614
12622
12627
12719
12723
12725
12726
12732
12738
12744
12750
12753
12761
12766
12858
12862
12864
12865
12871
12877
12883
12889
12892
12900
12905
12997
13001
13003
13004
13010
13016
13022
13028
13031
13039
13044
13136
13140
13142
13143
13149
13155
13161
13167
13170
13178
13183
13282
13288
13294
13300
13306
16016
16017
16018
16019
16023
16024
16030
16036
16042
16048
16054
16060
16066
16072
16078
16083
16084
16091
16094
16166
16167
16169
16173
16233
16241
16244
16317
16318
16320
16324
16384
16392
16395
16468
16469
16471
16475
16535
16543
16546
16619
16620
16622
16626
16686
16694
16697
16770
16771
16773
16777
16837
16845
16848
16921
16922
16924
16928
16988
16996
16999
17072
17073
17075
17079
17139
17147
17150
17223
17224
17226
17230
17290
17298
17301
17374
17375
17377
17381
17441
17449
17452
17530
17536
17543
17549
17555
17561
17567
17573
17579
17585
17590
17596
20532
20533
20534
20539
20545
20551
20557
20563
20569
20575
20581
20587
20593
20599
20605
20611
20617
20622
20623
20628
20631
20697
20699
20787
20794
20797
20862
20864
20952
20959
20962
21027
21029
21117
21124
21127
21192
21194
21282
21289
21292
21357
21359
21447
21454
21457
21522
21524
21612
21619
21622
21687
21689
21777
21784
21787
21852
21854
21942
21949
21952
22017
22019
22107
22114
22117
22181
22188
22194
22200
22206
22212
22218
22224
22230
22236
22242
22248
22254
22260
22266
22271
25415
25417
25418
25419
25425
25431
25437
25443
25449
25455
25461
25467
25473
25479
25485
25491
25497
25503
25509
25515
25521
25526
25527
25529
25586
25588
25589
25697
25700
25757
25759
25760
25868
25871
25928
25930
25931
26039
26042
26099
26101
26102
26210
26213
26270
26272
26273
26381
26384
26441
26443
26444
26552
26555
26612
26614
26615
26723
26726
26783
26785
26786
26894
26897
26954
26956
26957
27065
27068
27128
27135
27141
27147
27153
27159
27165
27171
27177
27183
27189
27195
27201
27207
27213
27219
27225
27230
27236
30431
30433
30435
30441
30447
30453
30459
30465
30471
30477
30483
30489
30495
30501
30507
30513
30519
30525
30531
30537
30543
30549
30554
30555
30557
30614
30616
30737
30739
30797
30799
30919
30921
30979
30981
31101
31103
31161
31163
31283
31285
31343
31345
31465
31467
31525
31527
31647
31649
31707
31709
31829
31831
31889
31891
32012
32014
32072
32074
32195
32198
32259
32265
32271
32277
32283
32289
32295
32301
32307
32313
32319
32325
32331
32337
32343
32349
32355
32361
32367
32373
32378
35787
35789
35791
35797
35803
35809
35815
35821
35827
35833
35839
35845
35851
35857
35863
35869
35875
35881
35887
35893
35899
35905
35911
35917
35922
35923
35925
35982
35984
36117
36119
36177
36179
36305
36307
36365
36367
36493
36495
36553
36555
36681
36683
36741
36743
36869
36871
36929
36931
37057
37059
37117
37119
37245
37247
37305
37307
37439
37441
37499
37501
37634
37637
37695
37701
37707
37713
37719
37725
37731
37737
37743
37749
37755
37761
37767
37773
37779
37785
37791
37797
37803
37809
37815
37821
37826
41429
41430
41435
41441
41447
41453
41459
41465
41471
41477
41483
41489
41495
41501
41507
41513
41519
41525
41531
41537
41543
41549
41555
41561
41567
41573
41576
41624
41768
41771
41819
41956
41959
42007
42144
42147
42195
42332
42335
42383
42520
42523
42571
42708
42711
42759
42896
42899
42947
43090
43093
43141
43285
43288
43340
43346
43352
43358
43364
43370
43376
43382
43388
43394
43400
43406
43412
43418
43424
43430
43436
43442
43448
43454
43460
43466
43472
43478
47115
47116
47117
47122
47128
47134
47140
47146
47152
47158
47164
47170
47176
47182
47188
47194
47200
47206
47212
47218
47224
47230
47236
47242
47248
47254
47260
47266
47271
47324
47326
47481
47533
47535
47683
47735
47737
47885
47937
47939
48087
48139
48141
48289
48341
48343
48491
48543
48545
48693
48745
48747
48901
48953
48955
49110
49158
49165
49171
49177
49183
49189
49195
49201
49207
49213
49219
49225
49231
49237
49243
49249
49255
49261
49267
49273
49279
49285
49291
49297
49303
49308
53133
53137
53143
53149
53155
53161
53167
53173
53179
53185
53191
53197
53203
53209
53215
53221
53227
53233
53239
53245
53251
53257
53263
53269
53275
53281
53287
53292
53293
53295
53339
53498
53500
53546
53698
53700
53746
53898
53900
53946
54098
54100
54146
54298
54300
54346
54498
54500
54546
54698
54700
54746
54904
54906
54952
55111
55114
55168
55174
55180
55186
55192
55198
55204
55210
55216
55222
55228
55234
55240
55246
55252
55258
55264
55270
55276
55282
55288
55294
55300
55306
55312
55318
55323
59183
59184
59185
59190
59196
59202
59208
59214
59220
59226
59232
59238
59244
59250
59256
59262
59268
59274
59280
59286
59292
59298
59304
59310
59316
59322
59328
59334
59340
59346
59352
59398
59400
59568
59613
59615
59776
59821
59823
59984
60029
60031
60192
60237
60239
60400
60445
60447
60608
60653
60655
60816
60861
60863
61030
61075
61077
61245
61287
61293
61299
61305
61311
61317
61323
61329
61335
61341
61347
61353
61359
61365
61371
61377
61383
61389
61395
61401
61407
61413
61419
61425
61431
61437
61443
61449
65336
65337
65342
65348
65354
65360
65366
65372
65378
65384
65390
65396
65402
65408
65414
65420
65426
65432
65438
65444
65450
65456
65462
65468
65474
65480
65486
65492
65498
65504
65507
65549
65717
65720
65762
65923
65926
65968
66129
66132
66174
66335
66338
66380
66541
66544
66586
66747
66750
66792
66953
66956
66998
67165
67168
67210
67378
67381
67424
67430
67436
67442
67448
67454
67460
67466
67472
67478
67484
67490
67496
67502
67508
67514
67520
67526
67532
67538
67544
67550
67556
67562
67568
67574
67580
67586
71508
71512
71518
71524
71530
71536
71542
71548
71554
71560
71566
71572
71578
71584
71590
71596
71602
71608
71614
71620
71626
71632
71638
71644
71650
71656
71662
71668
71674
71680
71682
71728
71901
71949
72115
72163
72329
72377
72541
72589
72741
72789
72955
73003
73169
73217
73389
73437
73611
73666
73672
73678
73684
73690
73696
73702
73708
73714
73720
73726
73732
73738
73744
73750
73756
73762
73768
73774
73780
73786
73792
73798
73804
73810
73816
73822
73828
73833
77919
77921
77923
77929
77935
77941
77947
77953
77959
77965
77971
77977
77983
77989
77995
78001
78007
78013
78019
78025
78031
78037
78043
78049
78055
78061
78067
78073
78079
78085
78091
78093
78140
78142
78313
78361
78363
78527
78575
78577
78741
78789
78791
78950
78998
79000
79133
79181
79183
79347
79395
79397
79561
79609
79611
79781
79829
79831
80003
80053
80059
80065
80071
80077
80083
80089
80095
80101
80107
80113
80119
80125
80131
80137
80143
80149
80155
80161
80167
80173
80179
80185
80191
80197
80203
80209
80215
80221
84309
84310
84315
84321
84327
84333
84339
84345
84351
84357
84363
84369
84375
84381
84387
84393
84399
84405
84411
84417
84423
84429
84435
84441
84447
84453
84459
84465
84471
84477
84483
84489
84531
84711
84752
84932
84973
85153
85194
85367
85408
85544
85585
85765
85806
85986
86027
86207
86248
86428
86468
86474
86480
86486
86492
86498
86504
86510
86516
86522
86528
86534
86540
86546
86552
86558
86564
86570
86576
86582
86588
86594
86600
86606
86612
86618
86624
86630
86636
86642
90737
90738
90743
90749
90755
90761
90767
90773
90779
90785
90791
90797
90803
90809
90815
90821
90827
90833
90839
90845
90851
90857
90863
90869
90875
90881
90887
90893
90899
90905
90911
90917
90959
91139
91180
91344
91385
91549
91590
91746
91787
91905
91946
92110
92151
92315
92356
92536
92577
92757
92797
92803
92809
92815
92821
92827
92833
92839
92845
92851
92857
92863
92869
92875
92881
92887
92893
92899
92905
92911
92917
92923
92929
92935
92941
92947
92953
92959
92965
92971
97064
97065
97070
97076
97082
97088
97094
97100
97106
97112
97118
97124
97130
97136
97142
97148
97154
97160
97166
97172
97178
97184
97190
97196
97202
97208
97214
97220
97226
97232
97238
97244
97286
97466
97507
97589
97630
97712
97753
97830
97871
97924
97965
98047
98088
98170
98211
98375
98416
98596
98636
98642
98648
98654
98660
98666
98672
98678
98684
98690
98696
98702
98708
98714
98720
98726
98732
98738
98744
98750
98756
98762
98768
98774
98780
98786
98792
98798
98804
98810
102899
102900
102905
102911
102917
102923
102929
102935
102941
102947
102953
102959
102965
102971
102977
102983
102989
102995
103001
103007
103013
103019
103025
103031
103037
103043
103049
103055
103061
103067
103073
103079
103121
103301
103342
103522
103563
103743
103784
103956
103997
104128
104169
104349
104390
104570
104611
104791
104832
105012
105052
105058
105064
105070
105076
105082
105088
105094
105100
105106
105112
105118
105124
105130
105136
105142
105148
105154
105160
105166
105172
105178
105184
105190
105196
105202
105208
105214
105220
105226
109307
109308
109311
109313
109319
109325
109331
109337
109343
109349
109355
109361
109367
109373
109379
109385
109391
109397
109403
109409
109415
109421
109427
109433
109439
109445
109451
109457
109463
109469
109475
109481
109487
109529
109532
109709
109750
109753
109929
109970
109973
110149
110190
110193
110362
110403
110406
110540
110581
110584
110760
110801
110804
110980
111021
111024
111201
111242
111245
111422
111462
111468
111474
111480
111486
111492
111498
111504
111510
111516
111522
111528
111534
111540
111546
111552
111558
111564
111570
111576
111582
111588
111594
111600
111606
111612
111618
111624
111630
111636
115697
115701
115707
115713
115719
115725
115731
115737
115743
115749
115755
115761
115767
115773
115779
115785
115791
115797
115803
115809
115815
115821
115827
115833
115839
115845
115851
115857
115863
115869
115871
115915
116088
116134
116300
116346
116512
116558
116720
116766
116907
116953
117119
117165
117331
117377
117549
117595
117769
117823
117829
117835
117841
117847
117853
117859
117865
117871
117877
117883
117889
117895
117901
117907
117913
117919
117925
117931
117937
117943
117949
117955
117961
117967
117973
117979
117985
117991
121966
121972
121978
121984
121990
121996
122002
122008
122014
122020
122026
122032
122038
122044
122050
122056
122062
122068
122074
122080
122086
122092
122098
122104
122110
122116
122122
122128
122134
122141
122143
122144
122181
122356
122358
122396
122564
122566
122604
122772
122774
122812
122980
122982
123020
123186
123188
123226
123394
123396
123434
123602
123604
123642
123816
123818
123856
124031
124033
124077
124083
124089
124095
124101
124107
124113
124119
124125
124131
124137
124143
124149
124155
124161
124167
124173
124179
124185
124191
124197
124203
124209
124215
124221
124227
124233
124239
124245
128098
128099
128104
128110
128116
128122
128128
128134
128140
128146
128152
128158
128164
128170
128176
128182
128188
128194
128200
128206
128212
128218
128224
128230
128236
128242
128248
128254
128260
128266
128316
128484
128533
128694
128743
128904
128953
129114
129163
129324
129373
129534
129583
129744
129793
129960
130009
130177
130221
130227
130233
130239
130245
130251
130257
130263
130269
130275
130281
130287
130293
130299
130305
130311
130317
130323
130329
130335
130341
130347
130353
130359
130365
130371
130377
130383
134201
134204
134208
134214
134220
134226
134232
134238
134244
134250
134256
134262
134268
134274
134280
134286
134292
134298
134304
134310
134316
134322
134328
134334
134340
134346
134352
134358
134364
134366
134409
134412
134573
134618
134621
134775
134820
134823
134977
135022
135025
135179
135224
135227
135381
135426
135429
135583
135628
135631
135785
135830
135833
135993
136038
136041
136203
136259
136265
136271
136277
136283
136289
136295
136301
136307
136313
136319
136325
136331
136337
136343
136349
136355
136361
136367
136373
136379
136385
136391
136397
136403
136409
136415
140190
140191
140196
140202
140208
140214
140220
140226
140232
140238
140244
140250
140256
140262
140268
140274
140280
140286
140292
140298
140304
140310
140316
140322
140328
140334
140340
140345
140346
140399
140554
140556
140608
140756
140758
140810
140958
140960
141012
141160
141162
141214
141362
141364
141416
141564
141566
141618
141766
141768
141820
141974
141976
142029
142183
142185
142233
142239
142245
142251
142257
142263
142269
142275
142281
142287
142293
142299
142305
142311
142317
142323
142329
142335
142341
142347
142353
142359
142365
142371
142377
142383
146071
146072
146078
146084
146090
146096
146102
146108
146114
146120
146126
146132
146138
146144
146150
146156
146162
146168
146174
146180
146186
146192
146198
146204
146210
146216
146223
146225
146226
146267
146269
146420
146422
146464
146466
146610
146612
146654
146656
146800
146802
146844
146846
146990
146992
147034
147036
147180
147182
147224
147226
147370
147372
147414
147416
147560
147562
147604
147606
147756
147758
147800
147802
147953
147955
148009
148015
148021
148027
148033
148039
148045
148051
148057
148063
148069
148075
148081
148087
148093
148099
148105
148111
148117
148123
148129
148135
148141
148147
148153
151692
151693
151696
151698
151704
151710
151716
151722
151728
151734
151740
151746
151752
151758
151764
151770
151776
151782
151788
151794
151800
151806
151812
151818
151824
151830
151836
151890
151893
152034
152087
152090
152224
152277
152280
152414
152467
152470
152604
152657
152660
152794
152847
152850
152984
153037
153040
153174
153227
153230
153370
153423
153426
153567
153615
153621
153627
153633
153639
153645
153651
153657
153663
153669
153675
153681
153687
153693
153699
153705
153711
153717
153723
153729
153735
153741
153747
153753
157185
157186
157189
157191
157197
157203
157209
157215
157221
157227
157233
157239
157245
157251
157257
157263
157269
157275
157281
157287
157293
157299
157305
157311
157316
157317
157370
157373
157501
157503
157555
157558
157679
157681
157733
157736
157857
157859
157911
157914
158035
158037
158089
158092
158213
158215
158267
158270
158391
158393
158445
158448
158569
158571
158623
158626
158753
158755
158808
158811
158938
158940
158992
158998
159004
159010
159016
159022
159028
159034
159040
159046
159052
159058
159064
159070
159076
159082
159088
159094
159100
159106
159112
159118
162350
162351
162354
162356
162362
162368
162374
162380
162386
162392
162398
162404
162410
162416
162422
162428
162434
162440
162446
162452
162458
162464
162469
162470
162525
162528
162644
162646
162700
162703
162819
162821
162875
162878
162994
162996
163050
163053
163169
163171
163225
163228
163344
163346
163400
163403
163519
163521
163575
163578
163694
163696
163750
163753
163869
163871
163926
163929
164044
164046
164100
164106
164112
164118
164124
164130
164136
164142
164148
164154
164160
164166
164172
164178
164184
164190
164196
164202
164208
164214
167276
167278
167283
167289
167295
167301
167307
167313
167319
167325
167331
167337
167343
167349
167355
167361
167367
167373
167380
167382
167383
167384
167443
167446
167548
167550
167551
167610
167613
167715
167717
167718
167777
167780
167882
167884
167885
167944
167947
168049
168051
168052
168111
168114
168216
168218
168219
168278
168281
168383
168385
168386
168445
168448
168550
168552
168553
168612
168615
168717
168719
168720
168779
168782
168884
168886
168887
168953
168959
168965
168971
168977
168983
168989
168995
169001
169007
169013
169019
169025
169031
169037
169043
169049
171983
171990
171991
171994
171996
172002
172008
172014
172020
172026
172032
172038
172044
172050
172056
172062
172068
172072
172073
172074
172137
172144
172147
172225
172227
172229
172292
172299
172302
172380
172382
172384
172447
172454
172457
172535
172537
172539
172602
172609
172612
172690
172692
172694
172757
172764
172767
172845
172847
172849
172912
172919
172922
173000
173002
173004
173067
173074
173077
173155
173157
173159
173222
173229
173232
173310
173312
173314
173377
173385
173388
173466
173467
173469
173544
173550
173556
173562
173568
173574
173580
173586
173592
173598
173604
173610
173616
173622
176332
176338
176340
176345
176349
176351
176355
176357
176363
176369
176375
176381
176387
176391
176394
176396
176397
176398
176476
176482
176485
176492
176498
176534
176539
176541
176542
176621
176627
176630
176637
176643
176679
176684
176686
176687
176766
176772
176775
176782
176788
176824
176829
176831
176832
176911
176917
176920
176927
176933
176969
176974
176976
176977
177056
177062
177065
177072
177078
177114
177119
177121
177122
177201
177207
177210
177217
177223
177259
177264
177266
177267
177346
177352
177355
177362
177368
177404
177409
177411
177412
177491
177497
177500
177507
177513
177549
177554
177556
177557
177636
177642
177645
177653
177659
177695
177699
177701
177702
177795
177801
177807
177813
177819
177825
177831
177837
177843
180324
180330
180336
180342
180348
180447
180453
180459
180465
180471
180572
180578
180584
180590
180596
180697
180703
180709
180715
180721
180822
180828
180834
180840
180846
180947
180953
180959
180965
180971
181072
181078
181084
181090
181096
181197
181203
181209
181215
181221
181322
181328
181334
181340
181346
181447
181453
181459
181465
181471
195083
195090
195104
195108
195111
195125
195129
195132
195146
195150
195153
195167
195171
195174
195192
195246
195252
195264
195267
195270
195282
195285
195288
195300
195303
195306
195318
195321
195324
195339
195393
195399
195411
195414
195417
195429
195432
195435
195447
195450
195453
195465
195468
195471
195486
195540
195546
195558
195561
195564
195576
195579
195582
195594
195597
195600
195612
195615
195618
195633
195687
195693
195705
195708
195711
195723
195726
195729
195741
195744
195747
195759
195762
195765
195780
195834
195840
195852
195855
195858
195870
195873
195876
195888
195891
195894
195906
195909
195912
195927
195981
195987
195999
196002
196005
196017
196020
196023
196035
196038
196041
196053
196056
196059
196074
196128
196134
196146
196149
196152
196164
196167
196170
196182
196185
196188
196200
196203
196206
196221
196275
196281
196293
196296
196299
196311
196314
196317
196329
196332
196335
196347
196350
196353
196368
196419
196424
196437
196439
196442
196455
196457
196460
196473
196475
196478
196491
196493
196496
196511
196546
196550
196560
196568
196571
196581
196589
196592
196602
196610
196613
196623
196631
196634
196644
196652
196655
196673
196676
196691
196693
196727
196731
196734
196736
196742
196746
196752
196753
196755
196760
196762
196763
196779
196780
196868
196869
196871
196886
196888
196889
196908
196914
196916
196919
196921
196926
196940
196944
196947
196992
196995
196998
197000
197005
197009
197014
197016
197021
197023
197024
197040
197041
197129
197130
197132
197147
197149
197150
197168
197174
197178
197179
197184
197196
197199
197202
197247
197250
197253
197255
197260
197264
197269
197271
197276
197278
197279
197295
197296
197384
197385
197387
197402
197404
197405
197423
197429
197433
197434
197439
197451
197454
197457
197502
197505
197508
197510
197515
197519
197524
197526
197531
197533
197534
197550
197551
197639
197640
197642
197657
197659
197660
197678
197684
197688
197689
197694
197706
197709
197712
197757
197760
197763
197765
197770
197774
197779
197781
197786
197788
197789
197805
197806
197894
197895
197897
197912
197914
197915
197933
197939
197943
197944
197949
197961
197964
197967
198012
198015
198018
198020
198025
198029
198034
198036
198041
198043
198044
198060
198061
198149
198150
198152
198167
198169
198170
198188
198194
198198
198199
198204
198216
198219
198222
198267
198270
198273
198275
198280
198284
198289
198291
198296
198298
198299
198315
198316
198404
198405
198407
198422
198424
198425
198443
198449
198453
198454
198459
198471
198474
198477
198522
198525
198528
198530
198535
198539
198544
198546
198551
198553
198554
198570
198571
198659
198660
198662
198677
198679
198680
198698
198704
198708
198709
198714
198726
198729
198732
198777
198780
198783
198785
198790
198794
198799
198801
198806
198808
198809
198825
198826
198914
198915
198917
198932
198934
198935
198953
198959
198963
198964
198969
198981
198984
198987
199029
199031
199034
199037
199042
199046
199051
199052
199056
199058
199060
199061
199070
199073
199077
199078
199081
199088
199091
199099
199106
199109
199117
199124
199127
199135
199142
199145
199153
199160
199163
199166
199167
199169
199178
199181
199184
199186
199187
199196
199199
199205
199211
199215
199216
199218
199220
199233
199235
199238
199408
199412
199422
199430
199433
199443
199451
199454
199462
199469
199472
199480
199487
199490
199498
199505
199508
199516
199523
199526
199534
199541
199544
199552
199559
199562
199570
199577
199580
199588
199595
199598
199608
199616
199619
199629
199637
199640
199655
199657
199674
199675
199679
199681
199683
199685
199687
199688
199689
199905
199919
199921
199922
199928
199933
199948
199953
199955
199969
199970
199973
199975
199977
199979
199981
199982
199983
200058
200072
200074
200075
200081
200086
200099
200103
200105
200119
200120
200123
200125
200127
200129
200131
200132
200133
200208
200222
200224
200225
200231
200236
200249
200253
200255
200269
200270
200273
200275
200277
200279
200281
200282
200283
200358
200372
200374
200375
200381
200386
200399
200403
200405
200419
200420
200423
200425
200427
200429
200431
200432
200433
200508
200522
200524
200525
200531
200536
200549
200553
200555
200569
200570
200573
200575
200577
200579
200581
200582
200583
200658
200672
200674
200675
200681
200686
200699
200703
200705
200719
200720
200723
200725
200727
200729
200731
200732
200733
200808
200822
200824
200825
200831
200836
200849
200853
200855
200869
200870
200873
200875
200877
200879
200881
200882
200883
200958
200972
200974
200975
200981
200986
200999
201003
201005
201019
201020
201023
201025
201027
201029
201031
201032
201033
201108
201122
201124
201125
201131
201136
201149
201153
201155
201169
201170
201172
201175
201176
201179
201181
201182
201183
201191
201194
201202
201209
201212
201220
201227
201230
201239
201248
201251
201260
201269
201272
201281
201290
201293
201302
201311
201314
201323
201332
201335
201344
201353
201356
201365
201374
201377
201386
201395
201398
201406
201413
201416
201423
201424
201431
201434
201437
201439
201440
201446
201449
201451
201452
201464
201467
201469
201706
201715
201719
201727
201734
201737
201745
201752
201755
201763
201770
201773
201781
201788
201791
201799
201806
201809
201817
201824
201827
201835
201842
201845
201853
201860
201863
201871
201878
201881
201889
201896
201899
201907
201914
201917
201925
201932
201935
201943
201950
201953
201961
201968
201971
201980
201989
201991
202007
202014
202016
202022
202023
202026
202032
202033
202035
202314
202332
202338
202340
202343
202345
202350
202366
202380
202386
202388
202393
202394
202397
202402
202404
202432
202451
202457
202461
202462
202467
202480
202494
202500
202502
202507
202508
202511
202516
202518
202546
202565
202571
202575
202576
202581
202594
202608
202614
202616
202621
202622
202625
202630
202632
202660
202679
202685
202689
202690
202695
202708
202722
202728
202730
202735
202736
202739
202744
202746
202774
202793
202799
202803
202804
202809
202822
202836
202842
202844
202849
202850
202853
202858
202860
202888
202907
202913
202917
202918
202923
202936
202950
202956
202958
202963
202964
202967
202972
202974
203002
203021
203027
203031
203032
203037
203050
203064
203070
203072
203077
203078
203081
203086
203088
203116
203135
203141
203145
203146
203151
203164
203178
203184
203186
203191
203192
203195
203200
203202
203230
203249
203255
203259
203260
203265
203278
203292
203297
203300
203305
203306
203309
203314
203315
203319
203326
203333
203336
203345
203354
203357
203366
203375
203378
203387
203396
203399
203408
203417
203420
203429
203438
203441
203450
203459
203462
203471
203480
203483
203492
203501
203504
203513
203522
203525
203534
203543
203546
203555
203564
203567
203576
203585
203588
203597
203606
203609
203618
203627
203630
203637
203638
203645
203648
203654
203660
203664
203665
203667
203669
203682
203944
203953
203957
203967
203975
203978
203986
203993
203996
204004
204011
204014
204022
204029
204032
204040
204047
204050
204058
204065
204068
204076
204083
204086
204094
204101
204104
204112
204119
204122
204130
204137
204140
204148
204155
204158
204166
204173
204176
204184
204191
204194
204202
204209
204212
204220
204227
204230
204238
204245
204248
204256
204263
204266
204276
204284
204287
204305
204307
204322
204323
204328
204330
204333
204334
204674
204675
204677
204683
204688
204706
204719
204720
204724
204726
204729
204730
204785
204786
204788
204794
204799
204814
204827
204828
204832
204834
204837
204838
204893
204894
204896
204902
204907
204922
204935
204936
204940
204942
204945
204946
205001
205002
205004
205010
205015
205030
205043
205044
205048
205050
205053
205054
205109
205110
205112
205118
205123
205138
205151
205152
205156
205158
205161
205162
205217
205218
205220
205226
205231
205246
205259
205260
205264
205266
205269
205270
205325
205326
205328
205334
205339
205354
205367
205368
205372
205374
205377
205378
205433
205434
205436
205442
205447
205462
205475
205476
205480
205482
205485
205486
205541
205542
205544
205550
205555
205570
205583
205584
205588
205589
205593
205594
205597
205604
205607
205615
205622
205625
205634
205643
205646
205655
205664
205667
205676
205685
205688
205697
205706
205709
205718
205727
205730
205739
205748
205751
205760
205769
205772
205781
205790
205793
205802
205811
205814
205823
205832
205835
205844
205853
205856
205865
205874
205877
205886
205895
205898
205907
205916
205919
205928
205937
205940
205949
205958
205961
205969
205976
205979
205982
205983
205985
205991
205994
205996
205997
206010
206338
206347
206351
206359
206366
206369
206377
206384
206387
206395
206402
206405
206413
206420
206423
206431
206438
206441
206449
206456
206459
206467
206474
206477
206485
206492
206495
206503
206510
206513
206521
206528
206531
206539
206546
206549
206557
206564
206567
206575
206582
206585
206593
206600
206603
206611
206618
206621
206629
206636
206639
206647
206654
206657
206665
206672
206675
206683
206690
206693
206701
206708
206711
206729
206731
206746
206747
206752
206754
206757
206758
207128
207129
207131
207137
207142
207160
207173
207174
207178
207180
207183
207184
207200
207201
207204
207211
207217
207232
207245
207246
207250
207252
207255
207256
207272
207273
207276
207283
207289
207304
207317
207318
207322
207324
207327
207328
207344
207345
207348
207355
207361
207376
207389
207390
207394
207396
207399
207400
207416
207417
207420
207427
207433
207448
207461
207462
207466
207468
207471
207472
207488
207489
207492
207499
207505
207520
207533
207534
207538
207540
207543
207544
207560
207561
207564
207571
207577
207592
207605
207606
207610
207612
207615
207616
207632
207633
207636
207643
207649
207664
207677
207678
207682
207684
207687
207688
207704
207705
207708
207715
207721
207736
207749
207750
207754
207755
207759
207760
207763
207770
207773
207782
207791
207794
207803
207812
207815
207824
207833
207836
207845
207854
207857
207866
207875
207878
207887
207896
207899
207908
207917
207920
207929
207938
207941
207950
207959
207962
207970
207977
207980
207988
207995
207998
208007
208016
208019
208028
208037
208040
208049
208058
208061
208070
208079
208082
208091
208100
208103
208112
208121
208124
208133
208142
208145
208154
208163
208166
208175
208184
208187
208190
208191
208193
208199
208202
208204
208205
208218
208570
208579
208583
208591
208598
208601
208609
208616
208619
208627
208634
208637
208645
208652
208655
208663
208670
208673
208681
208688
208691
208699
208706
208709
208717
208724
208727
208735
208742
208745
208753
208760
208763
208771
208778
208781
208789
208796
208799
208807
208814
208817
208825
208832
208835
208843
208850
208853
208861
208868
208871
208879
208886
208889
208897
208904
208907
208915
208922
208925
208933
208940
208943
208951
208958
208961
208969
208976
208979
208997
208999
209014
209020
209025
209026
209432
209433
209435
209441
209446
209477
209482
209487
209488
209504
209505
209508
209515
209521
209549
209554
209559
209560
209576
209577
209580
209587
209593
209621
209626
209631
209632
209714
209715
209718
209725
209731
209759
209764
209769
209770
209846
209847
209850
209857
209863
209891
209896
209901
209902
209978
209979
209982
209989
209995
210023
210028
210033
210034
210107
210108
210111
210118
210124
210152
210157
210162
210163
210179
210180
210183
210190
210196
210224
210229
210234
210235
210251
210252
210255
210262
210268
210296
210301
210306
210307
210310
210317
210320
210329
210338
210341
210350
210359
210362
210371
210380
210383
210392
210401
210404
210413
210422
210425
210434
210443
210446
210455
210464
210467
210476
210485
210488
210497
210506
210509
210518
210527
210530
210538
210545
210548
210556
210563
210566
210575
210584
210587
210596
210605
210608
210617
210626
210629
210638
210647
210650
210659
210668
210671
210680
210689
210692
210701
210710
210713
210722
210731
210734
210743
210752
210755
210764
210773
210776
210779
210780
210782
210788
210791
210793
210794
211187
211195
211199
211207
211214
211217
211225
211232
211235
211243
211250
211253
211261
211268
211271
211279
211286
211289
211297
211304
211307
211315
211322
211325
211333
211340
211343
211351
211358
211361
211369
211376
211379
211387
211394
211397
211405
211412
211415
211423
211430
211433
211441
211448
211451
211459
211466
211469
211477
211484
211487
211495
211502
211505
211513
211520
211523
211531
211538
211541
211549
211556
211559
211567
211574
211577
211585
211592
211595
211602
211610
211612
211616
211621
211622
211624
211631
211632
211634
212055
212072
212076
212078
212080
212083
212087
212090
212094
212095
212097
212103
212105
212149
212167
212171
212174
212176
212180
212183
212187
212188
212190
212196
212198
212258
212276
212280
212283
212285
212289
212292
212296
212297
212299
212305
212307
212393
212411
212415
212418
212420
212424
212427
212431
212432
212434
212440
212442
212525
212543
212547
212550
212552
212556
212559
212563
212564
212566
212572
212574
212657
212675
212679
212682
212684
212688
212691
212695
212696
212698
212704
212706
212788
212806
212810
212813
212815
212819
212822
212826
212827
212829
212835
212837
212896
212914
212918
212921
212923
212927
212930
212934
212935
212937
212943
212945
212992
213010
213014
213017
213019
213023
213026
213030
213031
213033
213039
213040
213045
213052
213059
213062
213071
213080
213083
213092
213101
213104
213113
213122
213125
213134
213143
213146
213155
213164
213167
213176
213185
213188
213197
213206
213209
213218
213227
213230
213239
213248
213251
213260
213269
213272
213280
213287
213290
213298
213305
213308
213317
213326
213329
213338
213347
213350
213359
213368
213371
213380
213389
213392
213401
213410
213413
213422
213431
213434
213443
213452
213455
213464
213473
213476
213485
213494
213497
213506
213515
213518
213525
213526
213533
213536
213541
213545
213548
213550
213552
213553
213928
213937
213941
213949
213956
213959
213967
213974
213977
213985
213992
213995
214003
214010
214013
214021
214028
214031
214039
214046
214049
214057
214064
214067
214075
214082
214085
214093
214100
214103
214111
214118
214121
214129
214136
214139
214147
214154
214157
214165
214172
214175
214183
214190
214193
214201
214208
214211
214219
214226
214229
214237
214244
214247
214255
214262
214265
214273
214280
214283
214291
214298
214301
214309
214316
214319
214327
214334
214337
214345
214352
214355
214363
214370
214373
214382
214391
214393
214404
214411
214412
214417
214419
214872
214877
214882
214903
214913
214919
214920
214924
214926
214966
214972
214978
214996
215006
215012
215013
215017
215019
215072
215078
215084
215102
215112
215118
215119
215123
215125
215207
215213
215219
215237
215247
215253
215254
215258
215260
215339
215345
215351
215369
215379
215385
215386
215390
215392
215471
215477
215483
215501
215511
215517
215518
215522
215524
215602
215608
215614
215632
215642
215648
215649
215653
215655
215707
215713
215719
215737
215747
215753
215754
215758
215760
215803
215809
215815
215833
215843
215849
215850
215854
215855
215863
215870
215873
215882
215891
215894
215903
215912
215915
215924
215933
215936
215945
215954
215957
215966
215975
215978
215987
215996
215999
216008
216017
216020
216029
216038
216041
216050
216059
216062
216071
216080
216083
216092
216101
216104
216112
216119
216122
216130
216137
216140
216149
216158
216161
216170
216179
216182
216191
216200
216203
216212
216221
216224
216233
216242
216245
216254
216263
216266
216275
216284
216287
216296
216305
216308
216317
216326
216329
216338
216347
216350
216359
216368
216371
216378
216379
216383
216386
216388
216389
216405
216816
216827
216835
216842
216845
216853
216860
216863
216871
216878
216881
216889
216896
216899
216907
216914
216917
216925
216932
216935
216943
216950
216953
216961
216968
216971
216979
216986
216989
216997
217004
217007
217015
217022
217025
217033
217040
217043
217051
217058
217061
217069
217076
217079
217087
217094
217097
217105
217112
217115
217123
217130
217133
217141
217148
217151
217159
217166
217169
217177
217184
217187
217195
217202
217205
217213
217220
217223
217231
217238
217241
217249
217256
217259
217267
217274
217277
217285
217292
217295
217311
217335
217340
217345
217347
217818
217823
217827
217828
217833
217869
217874
217879
217881
217902
217908
217913
217914
217920
217956
217961
217966
217968
218002
218008
218013
218014
218020
218056
218061
218066
218068
218131
218137
218142
218143
218149
218185
218190
218195
218197
218257
218263
218268
218269
218275
218311
218316
218321
218323
218383
218389
218394
218395
218401
218437
218442
218447
218449
218508
218514
218519
218520
218526
218562
218567
218572
218574
218607
218613
218618
218619
218625
218661
218666
218671
218673
218697
218703
218708
218709
218715
218748
218752
218753
218758
218760
218762
218771
218780
218783
218792
218801
218804
218813
218822
218825
218834
218843
218846
218855
218864
218867
218876
218885
218888
218897
218906
218909
218918
218927
218930
218939
218948
218951
218960
218969
218972
218981
218990
218993
219002
219011
219014
219022
219029
219032
219040
219047
219050
219059
219068
219071
219080
219089
219092
219101
219110
219113
219122
219131
219134
219143
219152
219155
219164
219173
219176
219185
219194
219197
219206
219215
219218
219227
219236
219239
219248
219257
219260
219269
219278
219281
219290
219299
219302
219306
219311
219315
219316
219317
219321
219764
219772
219776
219784
219791
219794
219802
219809
219812
219820
219827
219830
219838
219845
219848
219856
219863
219866
219874
219881
219884
219892
219899
219902
219910
219917
219920
219928
219935
219938
219946
219953
219956
219964
219971
219974
219982
219989
219992
220000
220007
220010
220018
220025
220028
220036
220043
220046
220054
220061
220064
220072
220079
220082
220090
220097
220100
220108
220115
220118
220126
220133
220136
220144
220151
220154
220162
220169
220172
220180
220187
220190
220198
220205
220208
220216
220223
220226
220234
220241
220244
220251
220259
220261
220270
220276
220282
220773
220778
220783
220809
220814
220819
220861
220867
220873
220896
220901
220906
220961
220967
220973
220996
221001
221006
221090
221096
221102
221125
221130
221135
221216
221222
221228
221251
221256
221261
221339
221345
221351
221374
221379
221384
221464
221470
221476
221499
221504
221509
221563
221569
221575
221598
221603
221608
221653
221659
221665
221688
221693
221698
221707
221714
221717
221726
221735
221738
221747
221756
221759
221768
221777
221780
221789
221798
221801
221810
221819
221822
221831
221840
221843
221852
221861
221864
221873
221882
221885
221894
221903
221906
221915
221924
221927
221936
221945
221948
221957
221966
221969
221977
221984
221987
221995
222002
222005
222014
222023
222026
222035
222044
222047
222056
222065
222068
222077
222086
222089
222098
222107
222110
222119
222128
222131
222140
222149
222152
222161
222170
222173
222182
222191
222194
222203
222212
222215
222224
222233
222236
222245
222254
222257
222264
222265
222269
222272
222274
222275
222722
222730
222734
222742
222749
222752
222760
222767
222770
222778
222785
222788
222796
222803
222806
222814
222821
222824
222832
222839
222842
222850
222857
222860
222868
222875
222878
222886
222893
222896
222904
222911
222914
222922
222929
222932
222940
222947
222950
222958
222965
222968
222976
222983
222986
222994
223001
223004
223012
223019
223022
223030
223037
223040
223048
223055
223058
223066
223073
223076
223084
223091
223094
223102
223109
223112
223120
223127
223130
223138
223145
223148
223156
223163
223166
223174
223181
223184
223192
223199
223202
223209
223217
223219
223223
223228
223229
223231
223238
223239
223734
223751
223755
223757
223762
223769
223773
223774
223776
223782
223828
223846
223850
223855
223862
223866
223867
223869
223875
223934
223952
223956
223961
223968
223972
223973
223975
223981
224069
224087
224091
224096
224103
224107
224108
224110
224116
224189
224207
224211
224216
224223
224227
224228
224230
224236
224297
224315
224319
224324
224331
224335
224336
224338
224344
224428
224446
224450
224455
224462
224466
224467
224469
224475
224533
224551
224555
224560
224567
224571
224572
224574
224580
224629
224647
224651
224656
224663
224667
224668
224670
224676
224682
224689
224696
224699
224708
224717
224720
224729
224738
224741
224750
224759
224762
224771
224780
224783
224792
224801
224804
224813
224822
224825
224834
224843
224846
224855
224864
224867
224876
224885
224888
224897
224906
224909
224918
224927
224930
224939
224948
224951
224959
224966
224969
224977
224984
224987
224996
225005
225008
225017
225026
225029
225038
225047
225050
225059
225068
225071
225080
225089
225092
225101
225110
225113
225122
225131
225134
225143
225152
225155
225164
225173
225176
225185
225194
225197
225206
225215
225218
225227
225236
225239
225246
225247
225254
225257
225262
225266
225271
225273
225708
225719
225727
225734
225737
225745
225752
225755
225763
225770
225773
225781
225788
225791
225799
225806
225809
225817
225824
225827
225835
225842
225845
225853
225860
225863
225871
225878
225881
225889
225896
225899
225907
225914
225917
225925
225932
225935
225943
225950
225953
225961
225968
225971
225979
225986
225989
225997
226004
226007
226015
226022
226025
226033
226040
226043
226051
226058
226061
226069
226076
226079
226087
226094
226097
226105
226112
226115
226123
226130
226133
226141
226148
226151
226159
226166
226169
226177
226184
226187
226195
226202
226205
226213
226220
226223
226239
226266
226271
226276
226785
226790
226795
226842
226847
226852
226872
226878
226884
226932
226937
226942
226977
226983
226989
227037
227042
227047
227100
227106
227112
227160
227165
227170
227178
227184
227190
227238
227243
227248
227256
227262
227268
227316
227321
227326
227384
227390
227396
227444
227449
227454
227487
227493
227499
227547
227552
227557
227580
227586
227592
227637
227641
227642
227647
227651
227660
227669
227672
227681
227690
227693
227702
227711
227714
227723
227732
227735
227744
227753
227756
227765
227774
227777
227786
227795
227798
227807
227816
227819
227828
227837
227840
227849
227858
227861
227870
227879
227882
227891
227900
227903
227912
227921
227924
227932
227939
227942
227950
227957
227960
227969
227978
227981
227990
227999
228002
228011
228020
228023
228032
228041
228044
228053
228062
228065
228074
228083
228086
228095
228104
228107
228116
228125
228128
228137
228146
228149
228158
228167
228170
228179
228188
228191
228200
228209
228212
228221
228230
228233
228237
228242
228247
228248
228728
228736
228740
228748
228755
228758
228766
228773
228776
228784
228791
228794
228802
228809
228812
228820
228827
228830
228838
228845
228848
228856
228863
228866
228874
228881
228884
228892
228899
228902
228910
228917
228920
228928
228935
228938
228946
228953
228956
228964
228971
228974
228982
228989
228992
229000
229007
229010
229018
229025
229028
229036
229043
229046
229054
229061
229064
229072
229079
229082
229090
229097
229100
229108
229115
229118
229126
229133
229136
229144
229151
229154
229162
229169
229172
229180
229187
229190
229198
229205
229208
229216
229223
229226
229234
229241
229244
229259
229261
229276
229282
229287
229288
229802
229803
229805
229811
229816
229847
229852
229857
229858
229874
229875
229878
229885
229891
229919
229924
229929
229930
229946
229947
229950
229957
229963
229991
229996
230001
230002
230060
230061
230064
230071
230077
230105
230110
230115
230116
230138
230139
230142
230149
230155
230183
230188
230193
230194
230228
230229
230232
230239
230245
230273
230278
230283
230284
230336
230337
230340
230347
230353
230381
230386
230391
230392
230408
230409
230412
230419
230425
230453
230458
230463
230464
230480
230481
230484
230491
230497
230525
230530
230535
230536
230539
230546
230549
230558
230567
230570
230579
230588
230591
230600
230609
230612
230621
230630
230633
230642
230651
230654
230663
230672
230675
230684
230693
230696
230705
230714
230717
230726
230735
230738
230747
230756
230759
230768
230777
230780
230789
230798
230801
230810
230819
230822
230830
230837
230840
230848
230855
230858
230867
230876
230879
230888
230897
230900
230909
230918
230921
230930
230939
230942
230951
230960
230963
230972
230981
230984
230993
231002
231005
231014
231023
231026
231035
231044
231047
231056
231065
231068
231077
231086
231089
231098
231107
231110
231119
231128
231131
231134
231135
231137
231143
231146
231148
231149
231626
231634
231638
231646
231653
231656
231664
231671
231674
231682
231689
231692
231700
231707
231710
231718
231725
231728
231736
231743
231746
231754
231761
231764
231772
231779
231782
231790
231797
231800
231808
231815
231818
231826
231833
231836
231844
231851
231854
231862
231869
231872
231880
231887
231890
231898
231905
231908
231916
231923
231926
231934
231941
231944
231952
231959
231962
231970
231977
231980
231988
231995
231998
232006
232013
232016
232024
232031
232034
232042
232049
232052
232060
232067
232070
232078
232085
232088
232096
232103
232106
232114
232121
232124
232132
232139
232142
232149
232157
232159
232168
232174
232180
232710
232715
232720
232746
232751
232756
232783
232789
232795
232818
232823
232828
233026
233032
233038
233061
233066
233071
233536
233542
233548
233571
233576
233581
233881
233887
233893
233916
233921
233926
234265
234271
234277
234300
234305
234310
234742
234748
234754
234777
234782
234787
234814
234820
234826
234849
234854
234859
234886
234892
234898
234921
234926
234931
234940
234947
234950
234959
234968
234971
234980
234989
234992
235001
235010
235013
235022
235031
235034
235043
235052
235055
235064
235073
235076
235085
235094
235097
235106
235115
235118
235127
235136
235139
235148
235157
235160
235169
235178
235181
235190
235199
235202
235211
235220
235223
235232
235241
235244
235253
235262
235265
235274
235283
235286
235295
235304
235307
235316
235325
235328
235337
235346
235349
235358
235367
235370
235379
235388
235391
235400
235409
235412
235421
235430
235433
235442
235451
235454
235463
235472
235475
235484
235493
235496
235505
235514
235517
235526
235535
235538
235545
235546
235550
235553
235555
235556
236033
236041
236045
236053
236060
236063
236071
236078
236081
236089
236096
236099
236107
236114
236117
236125
236132
236135
236143
236150
236153
236161
236168
236171
236179
236186
236189
236197
236204
236207
236215
236222
236225
236233
236240
236243
236251
236258
236261
236269
236276
236279
236287
236294
236297
236305
236312
236315
236323
236330
236333
236341
236348
236351
236359
236366
236369
236377
236384
236387
236395
236402
236405
236413
236420
236423
236431
236438
236441
236449
236456
236459
236467
236474
236477
236485
236492
236495
236503
236510
236513
236521
236528
236531
236539
236546
236549
236556
236564
236566
236575
236581
236587
237084
237089
237094
237120
237125
237130
237274
237280
237286
237309
237314
237319
237373
237379
237385
237408
237413
237418
237578
237584
237590
237613
237618
237623
237711
237717
237723
237746
237751
237756
237871
237877
237883
237906
237911
237916
238052
238058
238064
238087
238092
238097
238124
238130
238136
238159
238164
238169
238511
238517
238523
238546
238551
238556
238565
238572
238575
238584
238593
238596
238605
238614
238617
238626
238635
238638
238646
238653
238656
238664
238671
238674
238682
238689
238692
238700
238707
238710
238718
238725
238728
238736
238743
238746
238754
238761
238764
238772
238779
238782
238790
238797
238800
238809
238818
238821
238830
238839
238842
238851
238860
238863
238872
238881
238884
238892
238899
238902
238910
238917
238920
238928
238935
238938
238946
238953
238956
238964
238971
238974
238982
238989
238992
239000
239007
239010
239018
239025
239028
239036
239043
239046
239055
239064
239067
239076
239085
239088
239097
239106
239109
239116
239117
239121
239124
239126
239127
239604
239612
239616
239624
239631
239634
239642
239649
239652
239660
239667
239670
239678
239685
239688
239696
239703
239706
239714
239721
239724
239732
239739
239742
239750
239757
239760
239768
239775
239778
239786
239793
239796
239804
239811
239814
239822
239829
239832
239840
239847
239850
239858
239865
239868
239876
239883
239886
239894
239901
239904
239912
239919
239922
239930
239937
239940
239948
239955
239958
239966
239973
239976
239984
239991
239994
240002
240009
240012
240020
240027
240030
240038
240045
240048
240056
240063
240066
240074
240081
240084
240092
240099
240102
240110
240117
240120
240127
240135
240137
240146
240152
240158
240649
240654
240659
240685
240690
240695
240794
240800
240806
240829
240834
240839
240866
240872
240878
240901
240906
240911
241165
241171
241177
241200
241205
241210
241380
241386
241392
241415
241420
241425
241622
241628
241634
241657
241662
241667
241885
241891
241897
241920
241925
241930
241957
241963
241969
241992
241997
242002
242209
242215
242221
242244
242249
242254
242263
242270
242273
242282
242291
242294
242303
242312
242315
242324
242333
242336
242344
242351
242354
242362
242369
242372
242380
242387
242390
242398
242405
242408
242416
242423
242426
242434
242441
242444
242452
242459
242462
242470
242477
242480
242488
242495
242498
242507
242516
242519
242528
242537
242540
242549
242558
242561
242570
242579
242582
242590
242597
242600
242608
242615
242618
242626
242633
242636
242644
242651
242654
242662
242669
242672
242680
242687
242690
242698
242705
242708
242716
242723
242726
242734
242741
242744
242753
242762
242765
242774
242783
242786
242795
242804
242807
242814
242815
242819
242822
242824
242825
243302
243310
243314
243322
243329
243332
243340
243347
243350
243358
243365
243368
243376
243383
243386
243394
243401
243404
243412
243419
243422
243430
243437
243440
243448
243455
243458
243466
243473
243476
243484
243491
243494
243502
243509
243512
243520
243527
243530
243538
243545
243548
243556
243563
243566
243574
243581
243584
243592
243599
243602
243610
243617
243620
243628
243635
243638
243646
243653
243656
243664
243671
243674
243682
243689
243692
243700
243707
243710
243718
243725
243728
243736
243743
243746
243754
243761
243764
243772
243779
243782
243790
243797
243800
243808
243815
243818
243825
243833
243835
243844
243850
243856
244386
244391
244396
244422
244427
244432
244459
244465
244471
244494
244499
244504
244531
244537
244543
244566
244571
244576
245014
245020
245026
245049
245054
245059
245321
245327
245333
245356
245361
245366
245665
245671
245677
245700
245705
245710
246094
246100
246106
246129
246134
246139
246166
246172
246178
246201
246206
246211
246238
246244
246250
246273
246278
246283
246292
246299
246302
246311
246320
246323
246332
246341
246344
246353
246362
246365
246374
246383
246386
246395
246404
246407
246416
246425
246428
246437
246446
246449
246458
246467
246470
246479
246488
246491
246500
246509
246512
246521
246530
246533
246542
246551
246554
246563
246572
246575
246584
246593
246596
246605
246614
246617
246626
246635
246638
246647
246656
246659
246668
246677
246680
246689
246698
246701
246710
246719
246722
246731
246740
246743
246752
246761
246764
246773
246782
246785
246794
246803
246806
246815
246824
246827
246836
246845
246848
246857
246866
246869
246878
246887
246890
246897
246898
246902
246905
246907
246908
247385
247397
247405
247412
247415
247423
247430
247433
247441
247448
247451
247459
247466
247469
247477
247484
247487
247495
247502
247505
247513
247520
247523
247531
247538
247541
247549
247556
247559
247567
247574
247577
247585
247592
247595
247603
247610
247613
247621
247628
247631
247639
247646
247649
247657
247664
247667
247675
247682
247685
247693
247700
247703
247711
247718
247721
247729
247736
247739
247747
247754
247757
247765
247772
247775
247783
247790
247793
247801
247808
247811
247819
247826
247829
247837
247844
247847
247855
247862
247865
247873
247880
247883
247891
247898
247901
247908
247916
247927
247945
247949
247954
248459
248462
248463
248465
248470
248499
248515
248519
248524
248531
248535
248536
248538
248544
248571
248587
248591
248596
248603
248607
248608
248610
248616
248643
248659
248663
248668
248717
248721
248722
248724
248730
248757
248773
248777
248782
248793
248797
248798
248800
248806
248833
248849
248853
248858
248879
248883
248884
248886
248892
248919
248935
248939
248944
248987
248991
248992
248994
249000
249027
249043
249047
249052
249059
249063
249064
249066
249072
249099
249115
249119
249124
249152
249156
249157
249159
249165
249192
249208
249211
249212
249217
249221
249230
249239
249242
249251
249260
249263
249272
249281
249284
249293
249302
249305
249314
249323
249326
249335
249344
249347
249356
249365
249368
249377
249386
249389
249398
249407
249410
249419
249428
249431
249440
249449
249452
249461
249470
249473
249482
249491
249494
249502
249509
249512
249520
249527
249530
249539
249548
249551
249560
249569
249572
249581
249590
249593
249602
249611
249614
249623
249632
249635
249644
249653
249656
249665
249674
249677
249686
249695
249698
249707
249716
249719
249728
249737
249740
249749
249758
249761
249770
249779
249782
249791
249800
249803
249806
249809
249810
249811
249812
249817
249818
250297
250307
250315
250322
250325
250333
250340
250343
250351
250358
250361
250369
250376
250379
250387
250394
250397
250405
250412
250415
250423
250430
250433
250441
250448
250451
250459
250466
250469
250477
250484
250487
250495
250502
250505
250513
250520
250523
250531
250538
250541
250549
250556
250559
250567
250574
250577
250585
250592
250595
250603
250610
250613
250621
250628
250631
250639
250646
250649
250657
250664
250667
250675
250682
250685
250693
250700
250703
250711
250718
250721
250729
250736
250739
250747
250754
250757
250765
250772
250775
250783
250790
250793
250801
250808
250811
250824
250848
250853
250858
251364
251369
251374
251415
251420
251425
251433
251439
251445
251487
251492
251497
251536
251542
251548
251590
251595
251600
251656
251662
251668
251710
251715
251720
251728
251734
251740
251782
251787
251792
251800
251806
251812
251854
251859
251864
251923
251929
251935
251977
251982
251987
251995
252001
252007
252049
252054
252059
252106
252112
252118
252157
252161
252162
252167
252171
252180
252189
252192
252201
252210
252213
252222
252231
252234
252243
252252
252255
252264
252273
252276
252285
252294
252297
252306
252315
252318
252327
252336
252339
252348
252357
252360
252369
252378
252381
252390
252399
252402
252411
252420
252423
252432
252441
252444
252452
252459
252462
252470
252477
252480
252489
252498
252501
252510
252519
252522
252531
252540
252543
252552
252561
252564
252573
252582
252585
252594
252603
252606
252615
252624
252627
252636
252645
252648
252657
252666
252669
252678
252687
252690
252699
252708
252711
252720
252729
252732
252741
252750
252753
252757
252762
252767
252768
253239
253247
253251
253259
253266
253269
253277
253284
253287
253295
253302
253305
253313
253320
253323
253331
253338
253341
253349
253356
253359
253367
253374
253377
253385
253392
253395
253403
253410
253413
253421
253428
253431
253439
253446
253449
253457
253464
253467
253475
253482
253485
253493
253500
253503
253511
253518
253521
253529
253536
253539
253547
253554
253557
253565
253572
253575
253583
253590
253593
253601
253608
253611
253619
253626
253629
253637
253644
253647
253655
253662
253665
253673
253680
253683
253691
253698
253701
253709
253716
253719
253726
253734
253736
253740
253741
253742
253745
253753
253760
254253
254258
254264
254265
254283
254284
254287
254294
254300
254339
254345
254350
254351
254367
254368
254371
254378
254384
254451
254457
254462
254463
254479
254480
254483
254490
254496
254592
254598
254603
254604
254620
254621
254624
254631
254637
254730
254736
254741
254742
254758
254759
254762
254769
254775
254868
254874
254879
254880
254896
254897
254900
254907
254913
255003
255009
255014
255015
255031
255032
255035
255042
255048
255087
255093
255098
255099
255115
255116
255119
255126
255132
255210
255216
255221
255222
255238
255239
255242
255244
255249
255255
255264
255271
255274
255283
255292
255295
255304
255313
255316
255325
255334
255337
255346
255355
255358
255367
255376
255379
255388
255397
255400
255409
255418
255421
255430
255439
255442
255451
255460
255463
255472
255481
255484
255493
255502
255505
255514
255523
255526
255534
255541
255544
255552
255559
255562
255571
255580
255583
255592
255601
255604
255613
255622
255625
255634
255643
255646
255655
255664
255667
255676
255685
255688
255697
255706
255709
255718
255727
255730
255739
255748
255751
255760
255769
255772
255781
255790
255793
255802
255811
255814
255822
255826
255829
255831
255832
255836
255837
256282
256290
256294
256302
256309
256312
256320
256327
256330
256338
256345
256348
256356
256363
256366
256374
256381
256384
256392
256399
256402
256410
256417
256420
256428
256435
256438
256446
256453
256456
256464
256471
256474
256482
256489
256492
256500
256507
256510
256518
256525
256528
256536
256543
256546
256554
256561
256564
256572
256579
256582
256590
256597
256600
256608
256615
256618
256626
256633
256636
256644
256651
256654
256662
256669
256672
256680
256687
256690
256698
256705
256708
256716
256723
256726
256734
256741
256744
256752
256759
256762
256769
256777
256779
256788
256794
256800
256817
257288
257293
257294
257298
257300
257324
257329
257334
257351
257361
257367
257368
257373
257375
257396
257401
257406
257423
257496
257502
257503
257508
257510
257531
257536
257541
257558
257622
257628
257629
257634
257636
257657
257662
257667
257684
257748
257754
257755
257760
257762
257783
257788
257793
257810
257874
257880
257881
257886
257888
257909
257914
257919
257936
257997
258003
258004
258009
258011
258032
258037
258042
258059
258069
258075
258076
258081
258083
258104
258109
258114
258131
258180
258186
258187
258192
258194
258215
258220
258225
258234
258241
258242
258244
258253
258262
258265
258274
258283
258286
258295
258304
258307
258316
258325
258328
258337
258346
258349
258358
258367
258370
258379
258388
258391
258400
258409
258412
258421
258430
258433
258442
258451
258454
258463
258472
258475
258484
258493
258496
258504
258511
258514
258522
258529
258532
258541
258550
258553
258562
258571
258574
258583
258592
258595
258604
258613
258616
258625
258634
258637
258646
258655
258658
258667
258676
258679
258688
258697
258700
258709
258718
258721
258730
258739
258742
258751
258760
258763
258772
258781
258784
258791
258792
258796
258797
258799
258801
258802
258803
259248
259258
259266
259273
259276
259284
259291
259294
259302
259309
259312
259320
259327
259330
259338
259345
259348
259356
259363
259366
259374
259381
259384
259392
259399
259402
259410
259417
259420
259428
259435
259438
259446
259453
259456
259464
259471
259474
259482
259489
259492
259500
259507
259510
259518
259525
259528
259536
259543
259546
259554
259561
259564
259572
259579
259582
259590
259597
259600
259608
259615
259618
259626
259633
259636
259644
259651
259654
259662
259669
259672
259680
259687
259690
259698
259705
259708
259716
259723
259726
259739
259760
259765
259769
259770
259775
260240
260245
260250
260252
260285
260290
260293
260295
260299
260303
260309
260315
260317
260351
260356
260359
260361
260365
260429
260435
260441
260443
260477
260482
260485
260487
260491
260549
260555
260561
260563
260597
260602
260605
260607
260611
260669
260675
260681
260683
260717
260722
260725
260727
260731
260789
260795
260801
260803
260837
260842
260845
260847
260851
260906
260912
260918
260920
260954
260959
260962
260964
260968
260972
260978
260984
260986
261020
261025
261028
261030
261034
261077
261083
261089
261091
261122
261126
261127
261131
261132
261136
261137
261145
261154
261157
261166
261175
261178
261187
261196
261199
261208
261217
261220
261229
261238
261241
261250
261259
261262
261271
261280
261283
261292
261301
261304
261313
261322
261325
261334
261343
261346
261355
261364
261367
261376
261385
261388
261396
261403
261406
261414
261421
261424
261433
261442
261445
261454
261463
261466
261475
261484
261487
261496
261505
261508
261517
261526
261529
261538
261547
261550
261559
261568
261571
261580
261589
261592
261601
261610
261613
261622
261631
261634
261643
261652
261655
261664
261673
261676
261680
261685
261690
261691
261692
262129
262137
262141
262149
262156
262159
262167
262174
262177
262185
262192
262195
262203
262210
262213
262221
262228
262231
262239
262246
262249
262257
262264
262267
262275
262282
262285
262293
262300
262303
262311
262318
262321
262329
262336
262339
262347
262354
262357
262365
262372
262375
262383
262390
262393
262401
262408
262411
262419
262426
262429
262437
262444
262447
262455
262462
262465
262473
262480
262483
262491
262498
262501
262509
262516
262519
262527
262534
262537
262545
262552
262555
262563
262570
262573
262580
262588
262590
262599
262605
262611
262628
263063
263068
263069
263073
263075
263099
263104
263109
263129
263141
263148
263149
263154
263156
263177
263182
263187
263207
263279
263286
263287
263292
263294
263315
263320
263325
263345
263411
263418
263419
263424
263426
263447
263452
263457
263477
263543
263550
263551
263556
263558
263579
263584
263589
263609
263675
263682
263683
263688
263690
263711
263716
263721
263741
263804
263811
263812
263817
263819
263840
263845
263850
263870
263882
263889
263890
263895
263897
263918
263923
263928
263948
263999
264006
264007
264012
264014
264035
264040
264045
264054
264061
264062
264064
264073
264082
264085
264094
264103
264106
264115
264124
264127
264136
264145
264148
264157
264166
264169
264178
264187
264190
264199
264208
264211
264220
264229
264232
264241
264250
264253
264262
264271
264274
264283
264292
264295
264303
264310
264313
264321
264328
264331
264340
264349
264352
264361
264370
264373
264382
264391
264394
264403
264412
264415
264424
264433
264436
264445
264454
264457
264466
264475
264478
264487
264496
264499
264508
264517
264520
264529
264538
264541
264550
264559
264562
264569
264570
264574
264575
264577
264579
264580
264581
264997
265005
265009
265017
265024
265027
265035
265042
265045
265053
265060
265063
265071
265078
265081
265089
265096
265099
265107
265114
265117
265125
265132
265135
265143
265150
265153
265161
265168
265171
265179
265186
265189
265197
265204
265207
265215
265222
265225
265233
265240
265243
265251
265258
265261
265269
265276
265279
265287
265294
265297
265305
265312
265315
265323
265330
265333
265341
265348
265351
265359
265366
265369
265377
265384
265387
265395
265402
265405
265412
265420
265422
265426
265427
265428
265431
265439
265446
265867
265872
265878
265879
265897
265898
265901
265908
265914
265953
265959
265964
265965
265981
265982
265985
265992
265998
266096
266102
266107
266108
266124
266125
266128
266135
266141
266234
266240
266245
266246
266262
266263
266266
266273
266279
266372
266378
266383
266384
266400
266401
266404
266411
266417
266510
266516
266521
266522
266538
266539
266542
266549
266555
266645
266651
266656
266657
266673
266674
266677
266684
266690
266729
266735
266740
266741
266757
266758
266761
266768
266774
266849
266855
266860
266861
266877
266878
266881
266883
266888
266894
266903
266910
266913
266922
266931
266934
266943
266952
266955
266964
266973
266976
266985
266994
266997
267006
267015
267018
267027
267036
267039
267048
267057
267060
267069
267078
267081
267090
267099
267102
267111
267120
267123
267131
267138
267141
267149
267156
267159
267168
267177
267180
267189
267198
267201
267210
267219
267222
267231
267240
267243
267252
267261
267264
267273
267282
267285
267294
267303
267306
267315
267324
267327
267336
267345
267348
267357
267366
267369
267377
267381
267384
267386
267387
267391
267392
267777
267789
267797
267804
267807
267815
267822
267825
267833
267840
267843
267851
267858
267861
267869
267876
267879
267887
267894
267897
267905
267912
267915
267923
267930
267933
267941
267948
267951
267959
267966
267969
267977
267984
267987
267995
268002
268005
268013
268020
268023
268031
268038
268041
268049
268056
268059
268067
268074
268077
268085
268092
268095
268103
268110
268113
268121
268128
268131
268139
268146
268149
268157
268164
268167
268175
268182
268185
268192
268200
268211
268226
268230
268234
268235
268240
268632
268635
268636
268638
268643
268645
268669
268682
268686
268689
268691
268695
268698
268702
268703
268705
268711
268713
268735
268748
268752
268755
268757
268761
268794
268798
268799
268801
268807
268809
268831
268844
268848
268851
268853
268857
268914
268918
268919
268921
268927
268929
268951
268964
268968
268971
268973
268977
269031
269035
269036
269038
269044
269046
269068
269081
269085
269088
269090
269094
269148
269152
269153
269155
269161
269163
269185
269198
269202
269205
269207
269211
269262
269266
269267
269269
269275
269277
269299
269312
269316
269319
269321
269325
269328
269332
269333
269335
269341
269343
269365
269378
269382
269385
269387
269391
269409
269413
269414
269416
269422
269424
269446
269459
269462
269463
269467
269468
269472
269473
269481
269490
269493
269502
269511
269514
269523
269532
269535
269544
269553
269556
269565
269574
269577
269586
269595
269598
269607
269616
269619
269628
269637
269640
269649
269658
269661
269670
269679
269682
269690
269697
269700
269708
269715
269718
269727
269736
269739
269748
269757
269760
269769
269778
269781
269790
269799
269802
269811
269820
269823
269832
269841
269844
269853
269862
269865
269874
269883
269886
269895
269904
269907
269916
269925
269928
269931
269934
269935
269936
269937
269942
269943
269944
270330
270342
270350
270357
270360
270368
270375
270378
270386
270393
270396
270404
270411
270414
270422
270429
270432
270440
270447
270450
270458
270465
270468
270476
270483
270486
270494
270501
270504
270512
270519
270522
270530
270537
270540
270548
270555
270558
270566
270573
270576
270584
270591
270594
270602
270609
270612
270620
270627
270630
270638
270645
270648
270656
270663
270666
270674
270681
270684
270692
270699
270702
270709
270717
270728
270743
270747
270751
270752
270757
271113
271116
271117
271119
271124
271126
271150
271164
271170
271173
271175
271179
271182
271188
271189
271192
271198
271200
271222
271236
271242
271245
271247
271251
271254
271260
271261
271264
271270
271272
271294
271308
271314
271317
271319
271323
271326
271332
271333
271336
271342
271344
271366
271380
271386
271389
271391
271395
271398
271404
271405
271408
271414
271416
271438
271452
271458
271461
271463
271467
271470
271476
271477
271480
271486
271488
271510
271524
271530
271533
271535
271539
271542
271548
271549
271552
271558
271560
271582
271596
271602
271605
271607
271611
271614
271620
271621
271624
271630
271632
271654
271668
271674
271677
271679
271683
271686
271692
271693
271696
271702
271704
271726
271739
271742
271743
271747
271748
271752
271753
271761
271770
271773
271782
271791
271794
271803
271812
271815
271824
271833
271836
271845
271854
271857
271866
271875
271878
271887
271896
271899
271908
271917
271920
271929
271938
271941
271949
271956
271959
271967
271974
271977
271986
271995
271998
272007
272016
272019
272028
272037
272040
272049
272058
272061
272070
272079
272082
272091
272100
272103
272112
272121
272124
272133
272142
272145
272154
272163
272166
272169
272172
272173
272174
272175
272180
272181
272182
272538
272550
272558
272565
272568
272576
272583
272586
272594
272601
272604
272612
272619
272622
272630
272637
272640
272648
272655
272658
272666
272673
272676
272684
272691
272694
272702
272709
272712
272720
272727
272730
272738
272745
272748
272756
272763
272766
272774
272781
272784
272792
272799
272802
272810
272817
272820
272828
272835
272838
272846
272853
272856
272864
272871
272874
272881
272889
272900
272915
272919
272923
272924
272929
272944
273247
273253
273255
273258
273259
273261
273266
273268
273292
273306
273312
273316
273317
273322
273340
273360
273367
273369
273374
273375
273378
273383
273385
273406
273420
273426
273430
273431
273436
273454
273474
273481
273483
273488
273489
273492
273497
273499
273520
273534
273540
273544
273545
273550
273568
273588
273595
273597
273602
273603
273606
273611
273613
273634
273648
273654
273658
273659
273664
273682
273702
273709
273711
273716
273717
273720
273725
273727
273748
273762
273768
273772
273773
273778
273796
273816
273823
273825
273830
273831
273834
273839
273841
273862
273876
273882
273886
273887
273892
273910
273930
273937
273939
273944
273945
273948
273953
273955
273976
273990
273996
274000
274001
274006
274024
274044
274051
274053
274058
274059
274062
274067
274069
274090
274104
274110
274114
274115
274120
274138
274158
274165
274167
274172
274173
274176
274181
274183
274204
274217
274220
274221
274225
274226
274230
274231
274238
274245
274246
274248
274257
274266
274269
274278
274287
274290
274299
274308
274311
274320
274329
274332
274341
274350
274353
274362
274371
274374
274383
274392
274395
274404
274413
274416
274425
274434
274437
274446
274455
274458
274467
274476
274479
274488
274497
274500
274509
274518
274521
274530
274539
274542
274551
274560
274563
274572
274581
274584
274592
274597
274599
274602
274603
274605
274608
274609
274610
274611
274616
274617
274618
274944
274952
274956
274964
274971
274974
274982
274989
274992
275000
275007
275010
275018
275025
275028
275036
275043
275046
275054
275061
275064
275072
275079
275082
275090
275097
275100
275108
275115
275118
275126
275133
275136
275144
275151
275154
275162
275169
275172
275180
275187
275190
275198
275205
275208
275215
275223
275225
275247
275248
275249
275251
275258
275264
275278
275281
275284
275547
275548
275551
275552
275554
275558
275559
275607
275608
275610
275616
275621
275637
275641
275643
275660
275661
275664
275666
275668
275671
275672
275715
275716
275718
275724
275729
275745
275749
275751
275768
275769
275772
275774
275776
275779
275780
275823
275824
275826
275832
275837
275853
275857
275859
275876
275877
275880
275882
275884
275887
275888
275931
275932
275934
275940
275945
275961
275965
275967
275984
275985
275988
275990
275992
275995
275996
276039
276040
276042
276048
276053
276069
276073
276075
276092
276093
276096
276098
276100
276103
276104
276147
276148
276150
276156
276161
276177
276181
276183
276200
276201
276204
276206
276208
276211
276212
276255
276256
276258
276264
276269
276285
276289
276291
276308
276309
276312
276314
276316
276319
276320
276363
276364
276366
276372
276377
276393
276397
276399
276416
276417
276420
276422
276424
276427
276428
276471
276472
276474
276476
276480
276485
276494
276499
276501
276502
276504
276505
276513
276522
276525
276534
276543
276546
276555
276564
276567
276576
276585
276588
276597
276606
276609
276618
276627
276630
276639
276648
276651
276660
276669
276672
276681
276690
276693
276702
276711
276714
276723
276732
276735
276744
276753
276756
276765
276774
276777
276786
276795
276798
276806
276810
276811
276813
276814
276815
276816
276817
276820
276821
277098
277115
277122
277125
277133
277140
277143
277151
277158
277161
277169
277176
277179
277187
277194
277197
277205
277212
277215
277223
277230
277233
277241
277248
277251
277259
277266
277269
277277
277284
277287
277295
277302
277305
277313
277320
277323
277330
277347
277362
277364
277365
277371
277376
277390
277393
277396
277411
277570
277576
277587
277588
277591
277592
277594
277596
277598
277599
277600
277637
277650
277653
277655
277662
277667
277684
277687
277690
277708
277728
277735
277749
277750
277753
277754
277756
277758
277761
277763
277764
277799
277812
277815
277817
277824
277829
277846
277849
277852
277870
277890
277897
277911
277912
277915
277916
277918
277920
277923
277925
277926
277961
277974
277977
277979
277986
277991
278008
278011
278014
278032
278052
278059
278073
278074
278077
278078
278080
278082
278085
278087
278088
278123
278136
278139
278141
278148
278153
278170
278173
278176
278194
278214
278221
278235
278236
278239
278240
278242
278244
278247
278249
278250
278285
278298
278301
278303
278310
278315
278332
278335
278338
278356
278376
278383
278397
278398
278401
278402
278404
278406
278409
278411
278412
278447
278460
278463
278465
278472
278477
278494
278497
278500
278518
278538
278545
278559
278560
278563
278564
278566
278568
278571
278573
278574
278609
278622
278625
278627
278634
278639
278656
278659
278662
278680
278700
278707
278721
278722
278725
278726
278728
278730
278733
278735
278736
278771
278784
278787
278789
278796
278801
278818
278821
278824
278842
278862
278869
278883
278884
278887
278888
278890
278892
278895
278897
278898
278933
278946
278948
278949
278951
278955
278960
278969
278974
278976
278977
278979
278980
278987
278994
278995
278997
279006
279015
279018
279027
279036
279039
279048
279057
279060
279069
279078
279081
279090
279099
279102
279111
279120
279123
279132
279141
279144
279153
279162
279165
279173
279178
279180
279183
279184
279191
279195
279196
279198
279199
279200
279201
279202
279204
279206
279207
279208
279209
279450
279467
279477
279485
279492
279495
279503
279510
279513
279521
279528
279531
279539
279546
279549
279557
279564
279574
279618
279619
279620
279622
279639
279641
279642
279659
279663
279667
279668
279673
279685
279688
279691
279703
279706
279709
279721
279724
279727
279739
279742
279745
279747
279750
279753
279758
279760
279765
279767
279768
279785
279786
279864
279865
279867
279882
279885
279887
279906
279912
279916
279917
279922
279937
279940
279943
279958
279961
279964
279979
279982
279985
280000
280003
280006
280008
280013
280017
280022
280024
280029
280032
280034
280051
280052
280125
280126
280128
280143
280146
280148
280167
280173
280177
280178
280183
280198
280201
280204
280219
280222
280225
280240
280243
280246
280261
280264
280267
280269
280274
280278
280283
280285
280290
280293
280295
280312
280313
280386
280387
280389
280404
280407
280409
280428
280434
280438
280439
280444
280459
280462
280465
280480
280483
280486
280501
280504
280507
280522
280525
280528
280530
280535
280539
280544
280546
280551
280554
280556
280573
280574
280647
280648
280650
280665
280668
280670
280689
280695
280699
280700
280705
280720
280723
280726
280741
280744
280747
280762
280765
280768
280783
280786
280789
280791
280796
280800
280805
280807
280812
280815
280817
280834
280835
280908
280909
280911
280926
280929
280931
280950
280956
280960
280961
280966
280981
280984
280987
281002
281005
281008
281023
281026
281029
281044
281047
281050
281052
281057
281061
281066
281068
281073
281076
281078
281095
281096
281169
281170
281172
281187
281190
281192
281211
281217
281221
281222
281227
281242
281245
281248
281263
281266
281269
281284
281287
281290
281305
281308
281311
281313
281318
281322
281327
281329
281334
281337
281339
281356
281357
281430
281431
281433
281448
281451
281453
281472
281478
281482
281483
281488
281503
281506
281509
281524
281527
281530
281545
281548
281551
281566
281569
281572
281574
281579
281583
281588
281590
281595
281598
281600
281617
281618
281691
281692
281694
281709
281712
281714
281733
281739
281743
281744
281749
281764
281767
281770
281785
281788
281791
281806
281809
281812
281827
281830
281833
281835
281840
281844
281849
281851
281856
281859
281861
281878
281879
281949
281950
281952
281954
281967
281969
281970
281972
281987
281990
281991
281995
281996
282000
282001
282008
282013
282015
282016
282018
282019
282026
282031
282033
282034
282036
282037
282044
282049
282051
282052
282054
282055
282062
282067
282069
282070
282072
282073
282075
282078
282080
282081
282086
282087
282088
282093
282095
282096
282098
282112
282113
)
;
    flipMap         List<bool> 
10456
(
1
1
1
0
0
0
0
0
0
0
0
0
0
0
1
1
1
1
1
0
0
0
0
0
0
1
1
1
1
1
0
0
0
0
0
0
1
1
1
1
1
0
0
0
0
0
0
1
1
1
1
1
0
0
0
0
0
0
1
1
1
1
1
0
0
0
0
0
0
1
1
1
1
1
0
0
0
0
0
0
1
1
1
1
1
0
0
0
0
0
0
1
1
1
1
1
0
0
0
0
0
0
1
1
1
1
1
0
0
0
0
0
0
1
1
1
1
1
1
1
1
0
0
0
0
0
0
0
0
0
0
0
0
0
0
0
0
1
1
1
0
0
0
0
1
1
1
0
0
0
0
1
1
1
0
0
0
0
1
1
1
0
0
0
0
1
1
1
0
0
0
0
1
1
1
0
0
0
0
1
1
1
0
0
0
0
1
1
1
0
0
0
0
1
1
1
0
0
0
0
1
1
1
1
1
1
1
1
1
1
1
1
1
1
0
0
0
0
0
0
0
0
0
0
0
0
0
0
0
0
0
0
0
1
1
0
0
0
1
1
0
0
0
1
1
0
0
0
1
1
0
0
0
1
1
0
0
0
1
1
0
0
0
1
1
0
0
0
1
1
0
0
0
1
1
0
0
0
1
1
1
1
1
1
1
1
1
1
1
1
1
1
1
1
1
1
1
1
0
0
0
0
0
0
0
0
0
0
0
0
0
0
0
0
0
0
0
0
0
0
1
1
0
0
0
1
1
0
0
0
1
1
0
0
0
1
1
0
0
0
1
1
0
0
0
1
1
0
0
0
1
1
0
0
0
1
1
0
0
0
1
1
0
0
0
1
1
1
1
1
1
1
1
1
1
1
1
1
1
1
1
1
1
1
1
1
0
0
0
0
0
0
0
0
0
0
0
0
0
0
0
0
0
0
0
0
0
0
0
1
1
0
0
1
1
0
0
1
1
0
0
1
1
0
0
1
1
0
0
1
1
0
0
1
1
0
0
1
1
0
0
1
1
0
0
1
1
1
1
1
1
1
1
1
1
1
1
1
1
1
1
1
1
1
1
1
1
1
0
0
0
0
0
0
0
0
0
0
0
0
0
0
0
0
0
0
0
0
0
0
0
0
0
1
1
0
0
1
1
0
0
1
1
0
0
1
1
0
0
1
1
0
0
1
1
0
0
1
1
0
0
1
1
0
0
1
1
0
0
1
1
1
1
1
1
1
1
1
1
1
1
1
1
1
1
1
1
1
1
1
1
1
0
0
0
0
0
0
0
0
0
0
0
0
0
0
0
0
0
0
0
0
0
0
0
0
0
1
1
0
1
1
0
1
1
0
1
1
0
1
1
0
1
1
0
1
1
0
1
1
0
1
1
0
1
1
1
1
1
1
1
1
1
1
1
1
1
1
1
1
1
1
1
1
1
1
1
1
1
1
0
0
0
0
0
0
0
0
0
0
0
0
0
0
0
0
0
0
0
0
0
0
0
0
0
0
0
0
1
0
0
1
0
0
1
0
0
1
0
0
1
0
0
1
0
0
1
0
0
1
0
0
1
0
0
1
1
1
1
1
1
1
1
1
1
1
1
1
1
1
1
1
1
1
1
1
1
1
1
1
1
1
1
0
0
0
0
0
0
0
0
0
0
0
0
0
0
0
0
0
0
0
0
0
0
0
0
0
0
0
0
0
1
0
0
1
0
0
1
0
0
1
0
0
1
0
0
1
0
0
1
0
0
1
0
0
1
0
0
1
1
1
1
1
1
1
1
1
1
1
1
1
1
1
1
1
1
1
1
1
1
1
1
1
1
1
0
0
0
0
0
0
0
0
0
0
0
0
0
0
0
0
0
0
0
0
0
0
0
0
0
0
0
0
0
0
1
0
0
1
0
0
1
0
0
1
0
0
1
0
0
1
0
0
1
0
0
1
0
0
1
0
0
1
1
1
1
1
1
1
1
1
1
1
1
1
1
1
1
1
1
1
1
1
1
1
1
1
1
1
1
1
0
0
0
0
0
0
0
0
0
0
0
0
0
0
0
0
0
0
0
0
0
0
0
0
0
0
0
0
0
1
1
0
1
1
0
1
1
0
1
1
0
1
1
0
1
1
0
1
1
0
1
1
0
1
1
0
1
1
1
1
1
1
1
1
1
1
1
1
1
1
1
1
1
1
1
1
1
1
1
1
1
1
1
1
1
1
1
0
0
0
0
0
0
0
0
0
0
0
0
0
0
0
0
0
0
0
0
0
0
0
0
0
0
0
0
0
0
1
0
1
0
1
0
1
0
1
0
1
0
1
0
1
0
1
0
1
1
1
1
1
1
1
1
1
1
1
1
1
1
1
1
1
1
1
1
1
1
1
1
1
1
1
1
1
1
1
0
0
0
0
0
0
0
0
0
0
0
0
0
0
0
0
0
0
0
0
0
0
0
0
0
0
0
0
0
0
1
1
0
1
1
0
1
1
0
1
1
0
1
1
0
1
1
0
1
1
0
1
1
0
1
1
0
1
1
1
1
1
1
1
1
1
1
1
1
1
1
1
1
1
1
1
1
1
1
1
1
1
1
1
1
1
0
0
0
0
0
0
0
0
0
0
0
0
0
0
0
0
0
0
0
0
0
0
0
0
0
0
0
0
0
0
0
1
0
1
0
1
0
1
0
1
0
1
0
1
0
1
0
1
0
1
1
1
1
1
1
1
1
1
1
1
1
1
1
1
1
1
1
1
1
1
1
1
1
1
1
1
1
1
1
1
0
0
0
0
0
0
0
0
0
0
0
0
0
0
0
0
0
0
0
0
0
0
0
0
0
0
0
0
0
0
0
1
0
1
0
1
0
1
0
1
0
1
0
1
0
1
0
1
0
1
1
1
1
1
1
1
1
1
1
1
1
1
1
1
1
1
1
1
1
1
1
1
1
1
1
1
1
1
1
1
0
0
0
0
0
0
0
0
0
0
0
0
0
0
0
0
0
0
0
0
0
0
0
0
0
0
0
0
0
0
0
1
0
1
0
1
0
1
0
1
0
1
0
1
0
1
0
1
0
1
1
1
1
1
1
1
1
1
1
1
1
1
1
1
1
1
1
1
1
1
1
1
1
1
1
1
1
1
1
1
0
0
0
0
0
0
0
0
0
0
0
0
0
0
0
0
0
0
0
0
0
0
0
0
0
0
0
0
0
0
0
1
0
1
0
1
0
1
0
1
0
1
0
1
0
1
0
1
0
1
1
1
1
1
1
1
1
1
1
1
1
1
1
1
1
1
1
1
1
1
1
1
1
1
1
1
1
1
1
1
0
0
0
0
0
0
0
0
0
0
0
0
0
0
0
0
0
0
0
0
0
0
0
0
0
0
0
0
0
0
0
0
1
0
0
1
0
0
1
0
0
1
0
0
1
0
0
1
0
0
1
0
0
1
0
0
1
0
0
1
1
1
1
1
1
1
1
1
1
1
1
1
1
1
1
1
1
1
1
1
1
1
1
1
1
1
1
1
1
1
1
0
0
0
0
0
0
0
0
0
0
0
0
0
0
0
0
0
0
0
0
0
0
0
0
0
0
0
0
0
0
1
0
1
0
1
0
1
0
1
0
1
0
1
0
1
0
1
0
1
1
1
1
1
1
1
1
1
1
1
1
1
1
1
1
1
1
1
1
1
1
1
1
1
1
1
1
1
1
0
0
0
0
0
0
0
0
0
0
0
0
0
0
0
0
0
0
0
0
0
0
0
0
0
0
0
0
0
0
0
1
0
0
1
0
0
1
0
0
1
0
0
1
0
0
1
0
0
1
0
0
1
0
0
1
0
0
1
1
1
1
1
1
1
1
1
1
1
1
1
1
1
1
1
1
1
1
1
1
1
1
1
1
1
1
1
0
0
0
0
0
0
0
0
0
0
0
0
0
0
0
0
0
0
0
0
0
0
0
0
0
0
0
0
0
1
0
1
0
1
0
1
0
1
0
1
0
1
0
1
0
1
0
1
1
1
1
1
1
1
1
1
1
1
1
1
1
1
1
1
1
1
1
1
1
1
1
1
1
1
1
1
1
1
0
0
0
0
0
0
0
0
0
0
0
0
0
0
0
0
0
0
0
0
0
0
0
0
0
0
0
0
1
1
0
1
1
0
1
1
0
1
1
0
1
1
0
1
1
0
1
1
0
1
1
0
1
1
0
1
1
1
1
1
1
1
1
1
1
1
1
1
1
1
1
1
1
1
1
1
1
1
1
1
1
1
0
0
0
0
0
0
0
0
0
0
0
0
0
0
0
0
0
0
0
0
0
0
0
0
0
0
0
1
1
0
1
1
0
1
1
0
1
1
0
1
1
0
1
1
0
1
1
0
1
1
0
1
1
0
1
1
1
1
1
1
1
1
1
1
1
1
1
1
1
1
1
1
1
1
1
1
1
1
1
1
1
1
1
1
0
0
0
0
0
0
0
0
0
0
0
0
0
0
0
0
0
0
0
0
0
0
0
0
0
0
0
1
1
0
0
1
1
0
0
1
1
0
0
1
1
0
0
1
1
0
0
1
1
0
0
1
1
0
0
1
1
0
0
1
1
0
0
1
1
1
1
1
1
1
1
1
1
1
1
1
1
1
1
1
1
1
1
1
1
1
1
1
0
0
0
0
0
0
0
0
0
0
0
0
0
0
0
0
0
0
0
0
0
0
0
0
0
0
1
0
0
1
0
0
1
0
0
1
0
0
1
0
0
1
0
0
1
0
0
1
0
0
1
0
0
1
1
1
1
1
1
1
1
1
1
1
1
1
1
1
1
1
1
1
1
1
1
1
1
1
0
0
0
0
0
0
0
0
0
0
0
0
0
0
0
0
0
0
0
0
0
0
0
0
1
1
0
0
1
1
0
0
1
1
0
0
1
1
0
0
1
1
0
0
1
1
0
0
1
1
0
0
1
1
0
0
1
1
0
0
1
1
1
1
1
1
1
1
1
1
1
1
1
1
1
1
1
1
1
1
1
1
1
1
0
0
0
0
0
0
0
0
0
0
0
0
0
0
0
0
0
0
0
0
0
0
1
1
0
0
1
1
0
0
1
1
0
0
1
1
0
0
1
1
0
0
1
1
0
0
1
1
0
0
1
1
0
0
1
1
0
0
1
1
1
1
1
1
1
1
1
1
1
1
1
1
1
1
1
1
1
1
1
1
1
1
0
0
0
0
0
0
0
0
0
0
0
0
0
0
0
0
0
0
0
1
1
1
0
0
1
1
1
0
0
1
1
1
0
0
1
1
1
0
0
1
1
1
0
0
1
1
1
0
0
1
1
1
0
0
1
1
1
0
0
1
1
1
0
0
1
1
1
1
1
1
1
1
1
1
1
1
1
1
1
1
1
1
1
0
0
0
0
0
0
0
0
0
0
0
0
0
0
0
0
0
1
1
1
0
0
0
1
1
1
0
0
0
1
1
1
0
0
0
1
1
1
0
0
0
1
1
1
0
0
0
1
1
1
0
0
0
1
1
1
0
0
0
1
1
1
0
0
0
1
1
1
0
0
0
1
1
1
1
1
1
1
1
1
1
1
1
1
1
1
1
1
1
1
0
0
0
0
0
0
0
0
0
0
0
0
0
0
1
1
1
1
0
0
0
0
0
1
1
1
1
0
0
0
0
0
1
1
1
1
0
0
0
0
0
1
1
1
1
0
0
0
0
0
1
1
1
1
0
0
0
0
0
1
1
1
1
0
0
0
0
0
1
1
1
1
0
0
0
0
0
1
1
1
1
0
0
0
0
0
1
1
1
1
0
0
0
0
0
1
1
1
1
1
1
1
1
1
1
1
1
1
1
1
1
1
1
1
1
1
1
1
1
1
1
1
1
1
1
1
1
1
1
1
1
1
1
1
1
1
1
1
1
1
1
1
1
1
1
1
1
1
1
1
1
1
1
1
1
1
1
1
1
1
1
1
1
1
1
1
1
1
1
1
1
1
1
1
1
1
1
1
1
1
1
1
1
1
1
1
1
1
1
1
1
1
1
1
1
1
1
1
1
1
1
1
1
1
1
1
1
1
1
1
1
1
1
1
1
1
1
1
1
1
1
1
1
1
1
1
1
1
1
1
1
1
1
1
1
1
1
1
1
1
1
1
1
1
1
1
1
1
1
1
1
1
1
1
1
1
1
1
1
1
1
1
1
1
1
1
1
1
1
1
1
1
1
1
1
1
1
1
1
1
1
1
1
1
1
1
1
1
1
1
1
1
1
1
1
1
1
1
1
1
1
1
1
1
1
1
1
1
1
1
1
1
1
1
1
1
1
1
1
1
1
1
1
1
1
1
1
1
1
1
1
1
0
1
1
1
1
1
1
1
1
0
1
1
1
1
1
0
0
1
0
1
1
1
1
1
1
1
1
1
1
1
1
1
1
1
1
1
1
0
1
1
1
1
1
0
1
0
1
1
1
1
1
1
1
1
1
1
1
1
1
1
1
1
1
1
0
1
1
1
1
1
0
1
0
1
1
1
1
1
1
1
1
1
1
1
1
1
1
1
1
1
1
0
1
1
1
1
1
0
1
0
1
1
1
1
1
1
1
1
1
1
1
1
1
1
1
1
1
1
0
1
1
1
1
1
0
1
0
1
1
1
1
1
1
1
1
1
1
1
1
1
1
1
1
1
1
0
1
1
1
1
1
0
1
0
1
1
1
1
1
1
1
1
1
1
1
1
1
1
1
1
1
1
0
1
1
1
1
1
0
1
0
1
1
1
1
1
1
1
1
1
1
1
1
1
1
1
1
1
1
0
1
1
1
1
1
0
1
0
1
1
1
1
1
1
1
1
1
1
1
1
1
1
1
1
1
1
0
1
1
1
1
1
0
1
0
1
1
1
1
1
1
1
1
1
1
1
1
0
1
1
1
0
0
1
1
0
0
0
0
0
0
0
0
0
0
0
0
0
0
0
1
0
1
0
0
1
1
1
0
0
1
0
1
0
0
1
1
1
1
1
1
1
1
1
1
1
1
1
1
1
1
1
1
1
1
1
1
1
1
1
1
1
1
1
1
1
1
1
1
1
1
1
1
1
1
1
1
1
1
1
1
1
1
1
1
1
1
1
0
1
1
1
0
0
1
1
1
1
1
1
1
1
1
1
1
1
0
1
1
1
0
0
1
1
1
1
1
1
1
1
1
1
1
1
0
1
1
1
0
0
1
1
1
1
1
1
1
1
1
1
1
1
0
1
1
1
0
0
1
1
1
1
1
1
1
1
1
1
1
1
0
1
1
1
0
0
1
1
1
1
1
1
1
1
1
1
1
1
0
1
1
1
0
0
1
1
1
1
1
1
1
1
1
1
1
1
0
1
1
1
0
0
1
1
1
1
1
1
1
1
1
1
1
1
0
1
1
1
0
0
1
1
1
1
1
1
1
1
1
1
1
1
0
1
1
1
0
0
1
1
1
1
1
1
1
1
1
1
1
1
0
0
0
0
0
0
0
0
0
0
0
0
0
0
0
0
0
0
0
0
0
0
0
0
0
0
0
0
0
0
0
0
0
0
0
0
0
0
0
1
1
1
0
0
0
0
1
1
1
1
1
1
1
1
1
1
1
1
1
1
1
1
1
1
1
1
1
1
1
1
1
1
1
1
1
1
1
1
1
1
1
1
1
1
1
1
1
1
1
1
1
1
1
1
1
1
1
1
1
1
1
1
1
0
1
1
0
1
0
0
1
0
1
1
1
1
1
1
1
1
1
1
0
1
0
1
0
1
1
1
1
1
1
1
1
1
1
0
1
0
1
0
1
1
1
1
1
1
1
1
1
1
0
1
0
1
0
1
1
1
1
1
1
1
1
1
1
0
1
0
1
0
1
1
1
1
1
1
1
1
1
1
0
1
0
1
0
1
1
1
1
1
1
1
1
1
1
0
1
0
1
0
1
1
1
1
1
1
1
1
1
1
0
1
0
1
0
1
1
1
1
1
1
1
1
1
1
0
1
0
1
0
1
1
1
1
1
1
1
1
1
1
0
0
0
0
0
0
0
0
0
0
0
0
0
0
0
0
0
0
0
0
0
0
0
0
0
0
0
0
0
0
0
0
0
0
0
0
0
0
0
0
0
0
0
0
0
0
0
0
0
0
1
0
1
0
0
1
1
1
1
1
1
1
1
1
1
1
1
1
1
1
1
1
1
1
1
1
1
1
1
1
1
1
1
1
1
1
1
1
1
1
1
1
1
1
1
1
1
1
1
1
1
1
1
1
1
1
1
1
1
1
1
1
1
1
1
1
1
1
1
1
1
1
1
0
1
0
0
1
1
1
1
1
1
1
1
0
1
0
0
1
1
1
1
1
1
1
1
0
1
0
0
1
1
1
1
1
1
1
1
0
1
0
0
1
1
1
1
1
1
1
1
0
1
0
0
1
1
1
1
1
1
1
1
0
1
0
0
1
1
1
1
1
1
1
1
0
1
0
0
1
1
1
1
1
1
1
1
0
1
0
0
1
1
1
1
1
1
1
1
0
1
0
0
1
1
1
1
1
1
1
0
0
0
0
0
0
0
0
0
0
0
0
0
0
0
0
0
0
0
0
0
0
0
0
0
0
0
0
0
0
0
0
0
0
0
0
0
0
0
0
0
0
0
0
0
0
0
0
0
0
0
0
0
0
0
0
0
1
0
1
0
0
0
0
1
1
1
1
1
1
1
1
1
1
1
1
1
1
1
1
1
1
1
1
1
1
1
1
1
1
1
1
1
1
1
1
1
1
1
1
1
1
1
1
1
1
1
1
1
1
1
1
1
1
1
1
1
1
1
1
1
1
1
1
1
1
1
1
1
1
1
1
1
1
1
1
1
0
1
0
0
1
1
1
1
1
1
1
1
0
1
0
0
1
1
1
1
1
1
1
1
0
1
0
0
1
1
1
1
1
1
1
1
0
1
0
0
1
1
1
1
1
1
1
1
0
1
0
0
1
1
1
1
1
1
1
1
0
1
0
0
1
1
1
1
1
1
1
1
0
1
0
0
1
1
1
1
1
1
1
1
0
1
0
0
1
1
1
1
1
1
1
1
0
1
0
0
1
1
1
1
1
1
1
0
0
0
0
0
0
0
0
0
0
0
0
0
0
0
0
0
0
0
0
0
0
0
0
0
0
0
0
0
0
0
0
0
0
0
0
0
0
0
0
0
0
0
0
0
0
0
0
0
0
0
0
0
0
0
0
0
0
0
0
0
0
0
1
0
1
0
0
0
0
1
1
1
1
1
1
1
1
1
1
1
1
1
1
1
1
1
1
1
1
1
1
1
1
1
1
1
1
1
1
1
1
1
1
1
1
1
1
1
1
1
1
1
1
1
1
1
1
1
1
1
1
1
1
1
1
1
1
1
1
1
1
1
1
1
1
1
1
1
1
1
1
1
1
1
1
1
0
1
0
0
1
1
1
1
1
0
1
0
0
1
1
1
1
1
0
1
0
0
1
1
1
1
1
0
1
0
0
1
1
1
1
1
0
1
0
0
1
1
1
1
1
0
1
0
0
1
1
1
1
1
0
1
0
0
1
1
1
1
1
0
1
0
0
1
1
1
1
1
0
1
0
0
1
1
1
1
0
0
0
0
0
0
0
0
0
0
0
0
0
0
0
0
0
0
0
0
0
0
0
0
0
0
0
0
0
0
0
0
0
0
0
0
0
0
0
0
0
0
0
0
0
0
0
0
0
0
0
0
0
0
0
0
0
0
0
0
0
0
0
0
0
0
0
0
0
1
0
1
0
0
0
0
1
1
1
1
1
1
1
1
1
1
1
1
1
1
1
1
1
1
1
1
1
1
1
1
1
1
1
1
1
1
1
1
1
1
1
1
1
1
1
1
1
1
1
1
1
1
1
1
1
1
1
1
1
1
1
1
1
1
1
1
1
1
1
1
1
1
1
1
1
1
1
1
1
1
1
1
0
1
1
0
1
0
0
1
0
1
1
1
1
1
1
1
0
1
0
1
0
1
1
1
1
1
1
1
0
1
0
1
0
1
1
1
1
1
1
1
0
1
0
1
0
1
1
1
1
1
1
1
0
1
0
1
0
1
1
1
1
1
1
1
0
1
0
1
0
1
1
1
1
1
1
1
0
1
0
1
0
1
1
1
1
1
1
1
0
1
0
1
0
1
1
1
1
1
1
1
0
1
0
1
0
1
1
1
1
1
1
1
0
0
0
0
0
0
0
0
0
0
0
0
0
0
0
0
0
0
0
0
0
0
0
0
0
0
0
0
0
0
0
0
0
0
0
0
0
0
0
0
0
0
0
0
0
0
0
0
0
0
0
0
0
0
0
0
0
0
0
0
0
0
0
0
0
0
0
0
0
0
0
0
0
0
1
0
1
0
0
1
1
1
1
1
1
1
1
1
1
1
1
1
1
1
1
1
1
1
1
1
1
1
1
1
1
1
1
1
1
1
1
1
1
1
1
1
1
1
1
1
1
1
1
1
1
1
1
1
1
1
1
1
1
1
1
1
1
1
1
1
1
1
1
1
1
1
1
1
1
1
1
1
1
1
1
1
1
1
1
1
1
1
1
0
0
0
1
1
1
1
1
1
0
0
0
1
1
1
1
1
1
0
0
0
1
1
1
1
1
1
0
0
0
1
1
1
1
1
1
0
0
0
1
1
1
1
1
1
0
0
0
1
1
1
1
1
1
0
0
0
1
1
1
1
1
1
0
0
0
1
1
1
1
1
1
0
0
0
1
1
1
1
1
1
0
0
0
0
0
0
0
0
0
0
0
0
0
0
0
0
0
0
0
0
0
0
0
0
0
0
0
0
0
0
0
0
0
0
0
0
0
0
0
0
0
0
0
0
0
0
0
0
0
0
0
0
0
0
0
0
0
0
0
0
0
0
0
0
0
0
0
0
0
0
0
0
0
0
0
0
0
0
0
0
0
1
1
1
1
1
1
1
1
1
1
1
1
1
1
1
1
1
1
1
1
1
1
1
1
1
1
1
1
1
1
1
1
1
1
1
1
1
1
1
1
1
1
1
1
1
1
1
1
1
1
1
1
1
1
1
1
1
1
1
1
1
1
1
1
1
1
1
1
1
1
1
1
1
1
1
1
1
1
1
1
1
1
1
1
1
1
0
0
1
0
1
1
1
1
1
0
0
1
0
1
1
1
1
1
0
0
1
0
1
1
1
1
1
0
0
1
0
1
1
1
1
1
0
0
1
0
1
1
1
1
1
0
0
1
0
1
1
1
1
1
0
0
1
0
1
1
1
1
1
0
0
1
0
1
1
1
1
1
0
0
1
0
1
1
0
1
1
1
0
0
0
0
0
0
0
0
0
0
0
0
0
0
0
0
0
0
0
0
0
0
0
0
0
0
0
0
0
0
0
0
0
0
0
0
0
0
0
0
0
0
0
0
0
0
0
0
0
0
0
0
0
0
0
0
0
0
0
0
0
0
0
0
0
0
0
0
0
0
0
0
0
0
0
0
0
0
0
0
0
1
0
0
1
1
1
1
1
1
1
1
1
1
1
1
1
1
1
1
1
1
1
1
1
1
1
1
1
1
1
1
1
1
1
1
1
1
1
1
1
1
1
1
1
1
1
1
1
1
1
1
1
1
1
1
1
1
1
1
1
1
1
1
1
1
1
1
1
1
1
1
1
1
1
1
1
1
1
1
1
1
1
1
1
1
1
1
1
1
1
1
0
0
0
1
1
1
0
0
0
1
1
1
0
0
0
1
1
1
0
0
0
1
1
1
0
0
0
1
1
1
0
0
0
1
1
1
0
0
0
1
1
1
0
0
0
1
1
1
0
0
0
1
1
1
0
0
0
0
0
0
0
0
0
0
0
0
0
0
0
0
0
0
0
0
0
0
0
0
0
0
0
0
0
0
0
0
0
0
0
0
0
0
0
0
0
0
0
0
0
0
0
0
0
0
0
0
0
0
0
0
0
0
0
0
0
0
0
0
0
0
0
0
0
0
0
0
0
0
0
0
0
0
0
0
0
0
0
0
0
0
0
1
1
1
1
1
1
1
1
1
1
1
1
1
1
1
1
1
1
1
1
1
1
1
1
1
1
1
1
1
1
1
1
1
1
1
1
1
1
1
1
1
1
1
1
1
1
1
1
1
1
1
1
1
1
1
1
1
1
1
1
1
1
1
1
1
1
1
1
1
1
1
1
1
1
1
1
1
1
1
1
1
1
1
1
1
1
1
1
0
1
0
1
0
0
0
1
1
1
1
1
0
1
0
0
1
1
1
1
1
0
1
0
0
1
1
1
1
1
0
1
0
0
1
1
1
1
1
0
1
0
0
1
1
1
1
1
0
1
0
0
1
1
1
1
1
0
1
0
0
1
1
1
1
1
0
1
0
0
1
1
1
1
1
0
1
0
0
1
1
1
1
1
0
0
0
0
0
0
0
0
0
0
0
0
0
0
0
0
0
0
0
0
0
0
0
0
0
0
0
0
0
0
0
0
0
0
0
0
0
0
0
0
0
0
0
0
0
0
0
0
0
0
0
0
0
0
0
0
0
0
0
0
0
0
0
0
0
0
0
0
0
0
0
0
0
0
0
0
0
0
0
0
0
0
0
0
0
0
1
0
0
0
1
1
1
1
1
1
1
1
1
1
1
1
1
1
1
1
1
1
1
1
1
1
1
1
1
1
1
1
1
1
1
1
1
1
1
1
1
1
1
1
1
1
1
1
1
1
1
1
1
1
1
1
1
1
1
1
1
1
1
1
1
1
1
1
1
1
1
1
1
1
1
1
1
1
1
1
1
1
1
1
1
1
1
1
1
1
1
1
1
1
0
0
0
1
1
1
0
0
0
1
1
1
0
0
0
1
1
1
0
0
0
1
1
1
0
0
0
1
1
1
0
0
0
1
1
1
0
0
0
1
1
1
0
0
0
1
1
1
0
0
0
1
0
1
1
0
0
0
0
0
0
0
0
0
0
0
0
0
0
0
0
0
0
0
0
0
0
0
0
0
0
0
0
0
0
0
0
0
0
0
0
0
0
0
0
0
0
0
0
0
0
0
0
0
0
0
0
0
0
0
0
0
0
0
0
0
0
0
0
0
0
0
0
0
0
0
0
0
0
0
0
0
0
0
0
0
0
0
0
0
0
0
0
0
1
1
1
1
1
1
1
1
1
1
1
1
1
1
1
1
1
1
1
1
1
1
1
1
1
1
1
1
1
1
1
1
1
1
1
1
1
1
1
1
1
1
1
1
1
1
1
1
1
1
1
1
1
1
1
1
1
1
1
1
1
1
1
1
1
1
1
1
1
1
1
1
1
1
1
1
1
1
1
1
1
1
1
1
1
1
1
1
1
1
1
1
1
1
0
1
0
0
1
1
1
1
1
0
1
0
0
1
1
1
1
1
0
1
0
0
1
1
1
1
1
0
1
0
0
1
1
1
1
1
0
1
0
0
1
1
1
1
1
0
1
0
0
1
1
1
1
1
0
1
0
0
1
1
1
1
1
0
1
0
0
1
1
1
1
1
0
1
0
0
1
1
1
1
0
0
0
0
0
0
0
0
0
0
0
0
0
0
0
0
0
0
0
0
0
0
0
0
0
0
0
0
0
0
0
0
0
0
0
0
0
0
0
0
0
0
0
0
0
0
0
0
0
0
0
0
0
0
0
0
0
0
0
0
0
0
0
0
0
0
0
0
0
0
0
0
0
0
0
0
0
0
0
0
0
0
0
0
0
0
0
1
0
1
0
0
0
0
1
1
1
1
1
1
1
1
1
1
1
1
1
1
1
1
1
1
1
1
1
1
1
1
1
1
1
1
1
1
1
1
1
1
1
1
1
1
1
1
1
1
1
1
1
1
1
1
1
1
1
1
1
1
1
1
1
1
1
1
1
1
1
1
1
1
1
1
1
1
1
1
1
1
1
1
1
1
1
1
1
1
1
1
1
1
1
1
1
1
1
1
1
0
0
0
1
1
1
0
0
0
1
1
1
0
0
0
1
1
1
0
0
0
1
1
1
0
0
0
1
1
1
0
0
0
1
1
1
0
0
0
1
1
1
0
0
0
1
1
1
0
0
0
1
1
1
0
0
0
0
0
0
0
0
0
0
0
0
0
0
0
0
0
0
0
0
0
0
0
0
0
0
0
0
0
0
0
0
0
0
0
0
0
0
0
0
0
0
0
0
0
0
0
0
0
0
0
0
0
0
0
0
0
0
0
0
0
0
0
0
0
0
0
0
0
0
0
0
0
0
0
0
0
0
0
0
0
0
0
0
0
0
0
0
0
0
0
0
0
1
1
1
1
1
1
1
1
1
1
1
1
1
1
1
1
1
1
1
1
1
1
1
1
1
1
1
1
1
1
1
1
1
1
1
1
1
1
1
1
1
1
1
1
1
1
1
1
1
1
1
1
1
1
1
1
1
1
1
1
1
1
1
1
1
1
1
1
1
1
1
1
1
1
1
1
1
1
1
1
1
1
1
1
1
1
1
1
1
1
1
1
1
0
0
0
1
1
1
0
0
0
1
1
1
0
0
0
1
1
1
0
0
0
1
1
1
0
0
0
1
1
1
0
0
0
1
1
1
0
0
0
1
1
1
0
0
0
1
1
1
0
0
0
1
1
1
0
0
0
0
0
0
0
0
0
0
0
0
0
0
0
0
0
0
0
0
0
0
0
0
0
0
0
0
0
0
0
0
0
0
0
0
0
0
0
0
0
0
0
0
0
0
0
0
0
0
0
0
0
0
0
0
0
0
0
0
0
0
0
0
0
0
0
0
0
0
0
0
0
0
0
0
0
0
0
0
0
0
0
0
0
0
0
0
0
0
0
0
0
1
1
1
1
1
1
1
1
1
1
1
1
1
1
1
1
1
1
1
1
1
1
1
1
1
1
1
1
1
1
1
1
1
1
1
1
1
1
1
1
1
1
1
1
1
1
1
1
1
1
1
1
1
1
1
1
1
1
1
1
1
1
1
1
1
1
1
1
1
1
1
1
1
1
1
1
1
1
1
1
1
1
1
1
1
1
1
1
1
1
1
1
1
0
0
0
1
1
1
0
0
0
1
1
1
0
0
0
1
1
1
0
0
0
1
1
1
0
0
0
1
1
1
0
0
0
1
1
1
0
0
0
1
1
1
0
0
0
1
1
1
0
0
0
1
1
1
0
0
0
0
0
0
0
0
0
0
0
0
0
0
0
0
0
0
0
0
0
0
0
0
0
0
0
0
0
0
0
0
0
0
0
0
0
0
0
0
0
0
0
0
0
0
0
0
0
0
0
0
0
0
0
0
0
0
0
0
0
0
0
0
0
0
0
0
0
0
0
0
0
0
0
0
0
0
0
0
0
0
0
0
0
0
0
0
0
0
0
0
0
1
1
1
1
1
1
1
1
1
1
1
1
1
1
1
1
1
1
1
1
1
1
1
1
1
1
1
1
1
1
1
1
1
1
1
1
1
1
1
1
1
1
1
1
1
1
1
1
1
1
1
1
1
1
1
1
1
1
1
1
1
1
1
1
1
1
1
1
1
1
1
1
1
1
1
1
1
1
1
1
1
1
1
1
1
1
1
1
1
1
1
1
1
0
0
0
1
1
1
0
0
0
1
1
1
0
0
0
1
1
1
0
0
0
1
1
1
0
0
0
1
1
1
0
0
0
1
1
1
0
0
0
1
1
1
0
0
0
1
1
1
0
0
0
1
1
1
0
0
0
0
0
0
0
0
0
0
0
0
0
0
0
0
0
0
0
0
0
0
0
0
0
0
0
0
0
0
0
0
0
0
0
0
0
0
0
0
0
0
0
0
0
0
0
0
0
0
0
0
0
0
0
0
0
0
0
0
0
0
0
0
0
0
0
0
0
0
0
0
0
0
0
0
0
0
0
0
0
0
0
0
0
0
0
0
0
0
0
0
0
1
1
1
1
1
1
1
1
1
1
1
1
1
1
1
1
1
1
1
1
1
1
1
1
1
1
1
1
1
1
1
1
1
1
1
1
1
1
1
1
1
1
1
1
1
1
1
1
1
1
1
1
1
1
1
1
1
1
1
1
1
1
1
1
1
1
1
1
1
1
1
1
1
1
1
1
1
1
1
1
1
1
1
1
1
1
1
1
1
0
1
1
0
0
0
0
0
1
0
1
1
0
0
0
0
0
1
0
1
1
0
0
0
0
0
1
0
1
1
0
0
0
0
0
1
0
1
1
0
0
0
0
0
1
0
1
1
0
0
0
0
0
1
0
1
1
0
0
0
0
0
1
0
1
1
0
0
0
0
0
1
0
1
1
0
0
0
0
0
1
0
0
1
1
0
0
0
0
0
0
0
0
0
0
0
0
0
0
0
0
0
0
0
0
0
0
0
0
0
0
0
0
0
0
0
0
0
0
0
0
0
0
0
0
0
0
0
0
0
0
0
0
0
0
0
0
0
0
0
0
0
0
0
0
0
0
0
0
0
0
0
0
0
0
0
0
0
0
0
0
0
0
0
0
0
0
0
0
0
0
0
0
0
0
0
0
1
1
1
1
1
1
1
1
1
1
1
1
1
1
1
1
1
1
1
1
1
1
1
1
1
1
1
1
1
1
1
1
1
1
1
1
1
1
1
1
1
1
1
1
1
1
1
1
1
1
1
1
1
1
1
1
1
1
1
1
1
1
1
1
1
1
1
1
1
1
1
1
1
1
1
1
1
1
1
1
1
1
1
1
1
1
1
1
1
1
0
0
0
1
1
1
0
0
0
1
1
1
0
0
0
1
1
1
0
0
0
1
1
1
0
0
0
1
1
1
0
0
0
1
1
1
0
0
0
1
1
1
0
0
0
1
1
1
0
0
0
1
0
1
1
0
0
0
0
0
0
0
0
0
0
0
0
0
0
0
0
0
0
0
0
0
0
0
0
0
0
0
0
0
0
0
0
0
0
0
0
0
0
0
0
0
0
0
0
0
0
0
0
0
0
0
0
0
0
0
0
0
0
0
0
0
0
0
0
0
0
0
0
0
0
0
0
0
0
0
0
0
0
0
0
0
0
0
0
0
0
0
0
0
1
1
1
1
1
1
1
1
1
1
1
1
1
1
1
1
1
1
1
1
1
1
1
1
1
1
1
1
1
1
1
1
1
1
1
1
1
1
1
1
1
1
1
1
1
1
1
1
1
1
1
1
1
1
1
1
1
1
1
1
1
1
1
1
1
1
1
1
1
1
1
1
1
1
1
1
1
1
1
1
1
1
1
1
0
0
1
0
1
1
0
0
0
0
0
1
0
1
1
0
0
0
0
0
1
0
1
1
0
0
0
0
0
1
0
1
1
0
0
0
0
0
1
0
1
1
0
0
0
0
0
1
0
1
1
0
0
0
0
0
1
0
1
1
0
0
0
0
0
1
0
1
1
0
0
0
0
0
1
0
1
1
0
0
0
0
0
1
0
0
1
1
0
0
0
0
0
0
0
0
0
0
0
0
0
0
0
0
0
0
0
0
0
0
0
0
0
0
0
0
0
0
0
0
0
0
0
0
0
0
0
0
0
0
0
0
0
0
0
0
0
0
0
0
0
0
0
0
0
0
0
0
0
0
0
0
0
0
0
0
0
0
0
0
0
0
0
0
0
0
0
0
0
0
0
0
0
0
0
0
1
1
1
1
1
1
1
1
1
1
1
1
1
1
1
1
1
1
1
1
1
1
1
1
1
1
1
1
1
1
1
1
1
1
1
1
1
1
1
1
1
1
1
1
1
1
1
1
1
1
1
1
1
1
1
1
1
1
1
1
1
1
1
1
1
1
1
1
1
1
1
1
1
1
1
1
1
1
1
1
1
1
1
1
1
1
1
0
0
0
0
0
0
1
1
1
0
0
0
0
0
0
1
1
1
0
0
0
0
0
0
1
1
1
0
0
0
0
0
0
1
1
1
0
0
0
0
0
0
1
1
1
0
0
0
0
0
0
1
1
1
0
0
0
0
0
0
1
1
1
0
0
0
0
0
0
1
1
1
0
0
0
0
0
0
1
1
1
0
0
0
0
0
0
0
0
0
0
0
0
0
0
0
0
0
0
0
0
0
0
0
0
0
0
0
0
0
0
0
0
0
0
0
0
0
0
0
0
0
0
0
0
0
0
0
0
0
0
0
0
0
0
0
0
0
0
0
0
0
0
0
0
0
0
0
0
0
0
0
0
0
0
0
0
0
0
0
0
0
0
0
0
0
0
0
0
0
0
1
1
1
1
1
1
1
1
1
1
1
1
1
1
1
1
1
1
1
1
1
1
1
1
1
1
1
1
1
1
1
1
1
1
1
1
1
1
1
1
1
1
1
1
1
1
1
1
1
1
1
1
1
1
1
1
1
1
1
1
1
1
1
1
1
1
1
1
1
1
1
1
1
1
1
1
1
1
1
1
1
1
1
0
1
0
0
0
0
0
1
1
0
1
0
0
0
0
0
1
1
0
1
0
0
0
0
0
1
1
0
1
0
0
0
0
0
1
1
0
1
0
0
0
0
0
1
1
0
1
0
0
0
0
0
1
1
0
1
0
0
0
0
0
1
1
0
1
0
0
0
0
0
1
1
0
1
0
0
0
0
0
1
0
1
0
1
0
0
0
0
0
0
0
0
0
0
0
0
0
0
0
0
0
0
0
0
0
0
0
0
0
0
0
0
0
0
0
0
0
0
0
0
0
0
0
0
0
0
0
0
0
0
0
0
0
0
0
0
0
0
0
0
0
0
0
0
0
0
0
0
0
0
0
0
0
0
0
0
0
0
0
0
0
0
0
0
0
0
0
0
0
1
1
1
1
1
1
1
1
1
1
1
1
1
1
1
1
1
1
1
1
1
1
1
1
1
1
1
1
1
1
1
1
1
1
1
1
1
1
1
1
1
1
1
1
1
1
1
1
1
1
1
1
1
1
1
1
1
1
1
1
1
1
1
1
1
1
1
1
1
1
1
1
1
1
1
1
1
1
1
1
1
0
0
0
0
0
0
1
1
1
0
0
0
0
0
0
1
1
1
0
0
0
0
0
0
1
1
1
0
0
0
0
0
0
1
1
1
0
0
0
0
0
0
1
1
1
0
0
0
0
0
0
1
1
1
0
0
0
0
0
0
1
1
1
0
0
0
0
0
0
1
1
1
0
0
0
0
0
0
1
1
1
0
0
0
0
0
0
0
0
0
0
0
0
0
0
0
0
0
0
0
0
0
0
0
0
0
0
0
0
0
0
0
0
0
0
0
0
0
0
0
0
0
0
0
0
0
0
0
0
0
0
0
0
0
0
0
0
0
0
0
0
0
0
0
0
0
0
0
0
0
0
0
0
0
0
0
0
0
0
0
0
0
0
0
0
1
1
1
1
1
1
1
1
1
1
1
1
1
1
1
1
1
1
1
1
1
1
1
1
1
1
1
1
1
1
1
1
1
1
1
1
1
1
1
1
1
1
1
1
1
1
1
1
1
1
1
1
1
1
1
1
1
1
1
1
1
1
1
1
1
1
1
1
1
1
1
1
0
0
1
0
1
1
0
0
0
0
0
1
0
1
1
0
0
0
0
0
1
0
1
1
0
0
0
0
0
1
0
1
1
0
0
0
0
0
1
0
1
1
0
0
0
0
0
1
0
1
1
0
0
0
0
0
1
0
1
1
0
0
0
0
0
1
0
1
1
0
0
0
0
0
1
0
1
1
0
0
0
0
0
1
0
0
1
1
0
0
0
0
0
0
0
0
0
0
0
0
0
0
0
0
0
0
0
0
0
0
0
0
0
0
0
0
0
0
0
0
0
0
0
0
0
0
0
0
0
0
0
0
0
0
0
0
0
0
0
0
0
0
0
0
0
0
0
0
0
0
0
0
0
0
0
0
0
0
0
0
0
0
0
0
1
1
1
1
1
1
1
1
1
1
1
1
1
1
1
1
1
1
1
1
1
1
1
1
1
1
1
1
1
1
1
1
1
1
1
1
1
1
1
1
1
1
1
1
1
1
1
1
1
1
1
1
1
1
1
1
1
1
1
1
1
1
1
1
1
1
1
1
1
1
1
0
1
0
1
0
0
0
0
0
0
0
1
0
1
0
1
0
0
0
0
0
0
0
1
0
1
0
1
0
0
0
0
0
0
0
1
0
1
0
1
0
0
0
0
0
0
0
1
0
1
0
1
0
0
0
0
0
0
0
1
0
1
0
1
0
0
0
0
0
0
0
1
0
1
0
1
0
0
0
0
0
0
0
1
0
1
0
1
0
0
0
0
0
0
0
1
0
1
0
1
0
0
0
0
0
0
0
1
0
0
1
0
1
0
0
0
0
0
0
0
0
0
0
0
0
0
0
0
0
0
0
0
0
0
0
0
0
0
0
0
0
0
0
0
0
0
0
0
0
0
0
0
0
0
0
0
0
0
0
0
0
0
0
0
0
0
0
0
0
0
0
0
0
0
0
0
0
0
0
0
0
0
0
0
0
0
0
0
0
1
1
1
1
1
1
1
1
1
1
1
1
1
1
1
1
1
1
1
1
1
1
1
1
1
1
1
1
1
1
1
1
1
1
1
1
1
1
1
1
1
1
1
1
1
1
1
1
1
1
1
1
1
1
1
1
1
1
1
1
1
1
1
1
1
0
1
0
1
0
0
0
0
0
0
0
1
0
1
0
1
0
0
0
0
0
0
0
1
0
1
0
1
0
0
0
0
0
0
0
1
0
1
0
1
0
0
0
0
0
0
0
1
0
1
0
1
0
0
0
0
0
0
0
1
0
1
0
1
0
0
0
0
0
0
0
1
0
1
0
1
0
0
0
0
0
0
0
1
0
1
0
1
0
0
0
0
0
0
0
1
0
1
0
1
0
0
0
0
0
0
0
1
0
0
1
0
1
0
0
0
0
0
0
0
0
0
0
0
0
0
0
0
0
0
0
0
0
0
0
0
0
0
0
0
0
0
0
0
0
0
0
0
0
0
0
0
0
0
0
0
0
0
0
0
0
0
0
0
0
0
0
0
0
0
0
0
0
0
0
0
0
0
0
0
0
0
0
1
1
1
1
1
1
1
1
1
1
1
1
1
1
1
1
1
1
1
1
1
1
1
1
1
1
1
1
1
1
1
1
1
1
1
1
1
1
1
1
1
1
1
1
1
1
1
1
1
1
1
1
1
1
1
1
1
1
1
0
1
0
1
0
0
0
0
0
0
0
0
0
0
1
0
1
0
1
0
0
0
0
0
0
0
0
0
0
1
0
1
0
1
0
0
0
0
0
0
0
0
0
0
1
0
1
0
1
0
0
0
0
0
0
0
0
0
0
1
0
1
0
1
0
0
0
0
0
0
0
0
0
0
1
0
1
0
1
0
0
0
0
0
0
0
0
0
0
1
0
1
0
1
0
0
0
0
0
0
0
0
0
0
1
0
1
0
1
0
0
0
0
0
0
0
0
0
0
1
0
1
0
1
0
0
0
0
0
0
0
0
0
0
1
0
0
1
0
1
0
0
0
0
0
0
0
0
0
0
0
0
0
0
0
0
0
0
0
0
0
0
0
0
0
0
0
0
0
0
0
0
0
0
0
0
0
0
0
0
0
0
0
0
0
0
0
0
0
0
0
0
0
0
0
0
0
0
0
0
0
0
0
0
0
0
0
1
1
1
1
1
1
1
1
1
1
1
1
1
1
1
1
1
1
1
1
1
1
1
1
1
1
1
1
1
1
1
1
1
1
1
1
1
1
1
1
1
1
1
1
1
1
1
1
0
0
1
0
1
1
0
0
0
0
0
0
0
0
0
0
0
1
0
1
1
0
0
0
0
0
0
0
0
0
0
0
1
0
1
1
0
0
0
0
0
0
0
0
0
0
0
1
0
1
1
0
0
0
0
0
0
0
0
0
0
0
1
0
1
1
0
0
0
0
0
0
0
0
0
0
0
1
0
1
1
0
0
0
0
0
0
0
0
0
0
0
1
0
1
1
0
0
0
0
0
0
0
0
0
0
0
1
0
1
1
0
0
0
0
0
0
0
0
0
0
0
1
0
1
1
0
0
0
0
0
0
0
0
0
0
0
1
0
0
1
1
0
0
0
0
0
0
0
0
0
0
0
0
0
0
0
0
0
0
0
0
0
0
0
0
0
0
0
0
0
0
0
0
0
0
0
0
0
0
0
0
0
0
0
0
0
0
0
0
0
0
0
0
0
0
0
0
0
0
1
1
1
1
1
1
1
1
1
1
1
1
1
1
1
1
1
1
1
1
1
1
1
1
1
1
1
1
1
1
1
1
1
1
1
1
1
1
1
0
0
0
1
1
0
0
0
0
0
0
0
0
0
0
0
0
0
0
0
1
0
0
0
1
1
0
0
0
0
0
0
0
0
0
0
0
0
0
0
0
1
0
0
0
1
1
0
0
0
0
0
0
0
0
0
0
0
0
0
0
0
1
0
0
0
1
1
0
0
0
0
0
0
0
0
0
0
0
0
0
0
0
1
0
0
0
1
1
0
0
0
0
0
0
0
0
0
0
0
0
0
0
0
1
0
0
0
1
1
0
0
0
0
0
0
0
0
0
0
0
0
0
0
0
1
0
0
0
1
1
0
0
0
0
0
0
0
0
0
0
0
0
0
0
0
1
0
0
0
1
1
0
0
0
0
0
0
0
0
0
0
0
0
0
0
0
1
0
0
0
1
1
0
0
0
0
0
0
0
0
0
0
0
0
0
0
0
1
0
0
0
0
1
1
0
0
0
0
0
0
0
0
0
0
0
0
0
0
0
0
0
0
0
0
0
0
0
0
0
0
0
0
0
0
0
0
0
0
0
0
0
0
0
0
0
0
0
0
0
0
0
0
0
0
0
0
1
1
1
1
1
1
1
1
1
1
1
1
1
1
1
1
1
1
0
0
1
0
0
0
0
0
1
0
1
0
0
0
0
0
0
0
0
0
0
0
0
0
0
0
0
0
0
0
0
0
0
0
0
1
0
0
0
0
0
1
0
1
0
0
0
0
0
0
0
0
0
0
0
0
0
0
0
0
0
0
0
0
0
0
0
0
1
0
0
0
0
0
1
0
1
0
0
0
0
0
0
0
0
0
0
0
0
0
0
0
0
0
0
0
0
0
0
0
0
1
0
0
0
0
0
1
0
1
0
0
0
0
0
0
0
0
0
0
0
0
0
0
0
0
0
0
0
0
0
0
0
0
1
0
0
0
0
0
1
0
1
0
0
0
0
0
0
0
0
0
0
0
0
0
0
0
0
0
0
0
0
0
0
0
0
1
0
0
0
0
0
1
0
1
0
0
0
0
0
0
0
0
0
0
0
0
0
0
0
0
0
0
0
0
0
0
0
0
1
0
0
0
0
0
1
0
1
0
0
0
0
0
0
0
0
0
0
0
0
0
0
0
0
0
0
0
0
0
0
0
0
1
0
0
0
0
0
1
0
1
0
0
0
0
0
0
0
0
0
0
0
0
0
0
0
0
0
0
0
0
0
0
0
0
1
0
0
0
0
0
1
0
1
0
0
0
0
0
0
0
0
0
0
0
0
0
0
0
0
0
0
0
0
0
0
0
0
1
0
0
0
0
0
0
0
0
1
0
1
0
0
0
0
0
0
0
0
0
0
0
0
0
0
0
0
0
0
0
0
0
0
0
0
0
0
0
0
0
0
0
0
0
0
0
0
0
0
0
)
;
}
)

// ************************************************************************* //
