/*--------------------------------*- C++ -*----------------------------------*\
| =========                 |                                                 |
| \\      /  F ield         | OpenFOAM: The Open Source CFD Toolbox           |
|  \\    /   O peration     | Version:  2412                                  |
|   \\  /    A nd           | Website:  www.openfoam.com                      |
|    \\/     M anipulation  |                                                 |
\*---------------------------------------------------------------------------*/
FoamFile
{
    version     2.0;
    format      ascii;
    arch        "LSB;label=32;scalar=64";
    class       regIOobject;
    location    "constant/polyMesh";
    object      faceZones;
    meta
    {
        names           1 ( faceMRFzone );
    }
}
// * * * * * * * * * * * * * * * * * * * * * * * * * * * * * * * * * * * * * //

1
(faceMRFzone
{
    type            faceZone;
    faceLabels      List<label> 
3109
(
3788
3794
3800
3806
3969
3975
3981
3987
4150
4156
4162
4168
4304
4310
4316
4321
4446
4447
4448
4452
4457
4591
4592
4594
4598
4604
4634
4640
4646
4654
4657
4662
4796
4797
4799
4803
4809
4839
4845
4851
4859
4862
4867
5001
5002
5004
5008
5014
5044
5050
5056
5064
5067
5072
5182
5183
5185
5188
5193
5222
5228
5234
5242
5245
5250
5352
5353
5354
5358
5505
5506
5508
5512
5596
5604
5607
5722
5723
5725
5729
5813
5821
5824
5939
5940
5942
5946
6030
6038
6041
6135
6136
6138
6141
6224
6232
6235
6324
6325
6326
6486
6487
6489
6601
6609
6612
6715
6716
6718
6830
6838
6841
6944
6945
6947
7059
7067
7070
7155
7156
7158
7268
7276
7279
7361
7362
7535
7537
7673
7680
7683
7778
7780
7916
7923
7926
8021
8023
8159
8166
8169
8247
8249
8383
8390
8393
8473
8474
8475
8657
8658
8660
8816
8819
8912
8913
8915
9071
9074
9167
9168
9170
9326
9329
9405
9406
9408
9562
9565
9640
9642
9817
9819
9975
9977
10065
10067
10236
10238
10326
10328
10497
10499
10572
10573
10740
10742
10818
10820
11003
11005
11173
11175
11263
11265
11446
11448
11536
11538
11719
11721
11794
11795
11974
11976
12048
12237
12419
12421
12503
12698
12700
12782
12977
12979
13047
13239
13241
13308
13309
13503
13505
13696
13699
13775
13777
13981
13984
14060
14062
14266
14269
14332
14334
14536
14539
14600
14601
14801
14803
15005
15081
15083
15298
15374
15376
15591
15653
15655
15868
15931
16138
16344
16346
16422
16641
16643
16719
16938
16940
17004
17220
17222
17287
17288
17506
17508
17723
17798
17800
18028
18103
18105
18333
18394
18396
18622
18678
18897
19115
19117
19187
19418
19420
19490
19721
19723
19782
20010
20012
20074
20075
20309
20311
20538
20613
20615
20855
20930
20932
21172
21233
21235
21472
21532
21769
21996
21999
22071
22311
22314
22386
22626
22629
22689
22926
22929
22984
23226
23458
23530
23775
23847
24092
24153
24395
24452
24453
24697
24699
24938
25001
25003
25255
25318
25320
25572
25624
25626
25874
25928
26187
26437
26502
26754
26819
27071
27125
27371
27429
27696
27948
28019
28271
28342
28594
28652
28895
28946
29213
29469
29472
29534
29790
29793
29855
30111
30114
30166
30410
30413
30464
30608
30721
30785
31044
31108
31367
31421
31667
31719
31864
31977
32041
32300
32364
32623
32677
32923
32975
33221
33456
33520
33779
33843
34102
34156
34396
34455
34664
34665
34737
34987
34989
35062
35312
35314
35387
35637
35639
35699
35930
35932
35987
36197
36262
36514
36579
36831
36896
37148
37202
37434
37486
37685
37750
37989
38054
38306
38371
38623
38677
38908
38959
38961
39154
39222
39225
39457
39526
39529
39774
39843
39846
40091
40149
40152
40378
40435
40630
40632
40699
40933
40935
41003
41250
41252
41320
41567
41569
41626
41853
41854
41915
42104
42181
42408
42485
42725
42802
43042
43105
43325
43379
43381
43564
43632
43635
43855
43924
43927
44160
44229
44232
44465
44523
44526
44739
44802
44981
44982
45060
45274
45276
45354
45581
45583
45661
45888
45890
45954
46161
46163
46220
46222
46395
46467
46470
46678
46751
46754
46975
47048
47051
47272
47333
47336
47536
47600
47769
47770
47848
48050
48052
48130
48345
48347
48425
48640
48642
48706
48900
48902
48959
48960
49125
49127
49196
49198
49396
49398
49468
49470
49681
49683
49753
49755
49966
49968
50026
50028
50217
50218
50280
50282
50435
50517
50520
50704
50787
50790
50987
51070
51073
51270
51339
51342
51518
51587
51590
51736
51737
51819
51822
51997
51999
52081
52084
52272
52274
52356
52359
52547
52549
52616
52618
52785
52787
52853
52856
52992
52993
53077
53080
53243
53245
53329
53332
53508
53510
53594
53597
53773
53775
53844
53846
54002
54004
54073
54076
54209
54211
54212
54300
54303
54463
54465
54467
54555
54558
54720
54722
54724
54812
54815
54977
54979
54981
55053
55055
55197
55199
55201
55271
55273
55398
55400
55489
55492
55642
55644
55734
55737
55887
55889
55979
55982
56132
56134
56208
56211
56340
56341
56414
56419
56422
56527
56529
56530
56622
56629
56632
56758
56760
56762
56855
56862
56865
56991
56993
56995
57088
57095
57098
57224
57226
57228
57305
57311
57313
57418
57420
57422
57505
57510
57513
57598
57600
57601
57709
57716
57719
57821
57823
57825
57934
57941
57944
58046
58048
58050
58159
58166
58169
58271
58273
58275
58365
58371
58373
58458
58460
58462
58555
58560
58562
58568
58623
58627
58629
58630
58749
58755
58758
58765
58831
58836
58838
58839
58960
58966
58969
58976
59042
59047
59049
59050
59171
59177
59180
59187
59253
59258
59260
59261
59361
59366
59369
59374
59429
59434
59435
59436
59542
59547
59552
59558
59561
59566
59571
59576
59577
59578
59582
59587
59723
59729
59735
59743
59746
59752
59758
59764
59765
59767
59771
59777
59916
59922
59928
59936
59939
59945
59951
59957
59958
59960
59964
59970
60109
60115
60121
60129
60132
60138
60144
60150
60151
60153
60157
60163
60279
60284
60289
60296
60298
60303
60308
60313
60314
60316
60319
60324
65661
65664
65667
65679
65682
65685
65694
65695
65697
65699
65701
65703
65717
65719
65731
65733
65744
65746
65753
65763
65766
65774
65777
65785
65788
65832
65835
65838
65850
65853
65856
65867
65868
65871
65872
65874
65876
65879
65881
65897
65900
65902
65918
65921
65923
65939
65942
65944
65951
65956
65970
65973
65976
65988
65991
65994
66006
66009
66012
66063
66066
66069
66081
66084
66087
66098
66099
66102
66103
66105
66107
66110
66112
66128
66131
66133
66149
66152
66154
66170
66173
66175
66182
66187
66201
66204
66207
66219
66222
66225
66237
66240
66243
66294
66297
66300
66312
66315
66318
66329
66330
66333
66334
66336
66338
66341
66343
66359
66362
66364
66380
66383
66385
66401
66404
66406
66413
66418
66432
66435
66438
66450
66453
66456
66468
66471
66474
66501
66505
66508
66509
66510
66519
66522
66523
66535
66538
66539
66549
66554
66562
66566
66572
66574
66576
66612
66615
66618
66620
66625
66629
66634
66636
66641
66643
66644
66645
66804
66813
66814
66824
66830
66835
66843
66846
66885
66888
66891
66893
66898
66902
66907
66909
66914
66916
66917
66918
67098
67112
67114
67115
67133
67139
67143
67144
67149
67161
67164
67167
67212
67215
67218
67220
67225
67229
67234
67236
67241
67243
67244
67245
67425
67439
67441
67442
67460
67466
67470
67471
67476
67488
67491
67494
67539
67542
67545
67547
67552
67556
67561
67563
67568
67570
67571
67572
67752
67766
67768
67769
67787
67793
67797
67798
67803
67815
67818
67821
67844
67845
67847
67850
67979
67990
67992
67993
68008
68011
68015
68016
68019
68030
68032
68034
68072
68073
68076
68077
68079
68081
68083
68084
68085
68150
68159
68160
68166
68176
68179
68217
68218
68221
68222
68224
68226
68228
68229
68230
68305
68319
68321
68322
68328
68333
68347
68350
68353
68397
68398
68401
68402
68404
68406
68408
68409
68410
68485
68499
68501
68502
68508
68513
68527
68530
68533
68577
68578
68581
68582
68584
68586
68588
68589
68590
68665
68679
68681
68682
68688
68693
68707
68710
68713
68735
68736
68737
68778
68789
68791
68792
68797
68801
68812
68814
68816
68837
68838
68841
68843
68845
68847
68849
68850
68851
68886
68896
68897
68903
68913
68915
68929
68930
68933
68935
68937
68939
68941
68942
68943
68980
68996
68998
68999
69005
69010
69023
69027
69029
69043
69044
69047
69049
69051
69053
69055
69056
69057
69094
69110
69112
69113
69119
69124
69137
69141
69143
69157
69158
69161
69163
69165
69167
69169
69170
69171
69208
69224
69226
69227
69233
69238
69251
69255
69257
69262
69263
69264
69278
69291
69293
69294
69299
69303
69310
69313
69314
69335
69340
69341
69344
69349
69351
69377
69387
69393
69398
69427
69432
69433
69436
69441
69443
69471
69490
69496
69500
69501
69506
69541
69546
69547
69550
69555
69557
69585
69604
69610
69614
69615
69620
69655
69660
69661
69664
69669
69671
69699
69718
69724
69728
69729
69734
69754
69756
69769
69785
69789
69793
69794
69797
69817
69818
69822
69824
69826
69828
69829
69830
69865
69875
69876
69882
69891
69904
69905
69909
69911
69913
69915
69916
69917
69954
69970
69972
69973
69979
69984
69999
70012
70013
70017
70019
70021
70023
70024
70025
70062
70078
70080
70081
70087
70092
70107
70120
70121
70125
70127
70129
70131
70132
70133
70170
70186
70188
70189
70195
70200
70215
70220
70221
70222
70236
70249
70251
70252
70257
70261
70273
70285
70286
70290
70292
70295
70296
70353
70356
70363
70372
70385
70386
70390
70392
70395
70396
70454
70455
70458
70465
70471
70486
70499
70500
70504
70506
70509
70510
70526
70527
70530
70537
70543
70558
70571
70572
70576
70578
70581
70582
70598
70599
70602
70609
70615
70630
70635
70636
70642
70643
70646
70652
70657
70669
70681
70682
70686
70688
70691
70692
70743
70746
70753
70762
70775
70776
70780
70782
70785
70786
70838
70839
70842
70849
70855
70870
70883
70884
70888
70890
70893
70894
70910
70911
70914
70921
70927
70942
70955
70956
70960
70962
70965
70966
70982
70983
70986
70993
70999
71014
71019
71020
71026
71027
71030
71036
71041
71053
71075
71080
71085
71087
71127
71133
71139
71169
71174
71179
71181
71223
71229
71234
71235
71241
71277
71282
71287
71289
71295
71301
71306
71307
71313
71349
71354
71359
71361
71367
71373
71378
71379
71385
71406
71411
71416
71421
71422
71426
71434
71438
71439
71441
71447
71449
71512
71522
71526
71530
71533
71537
71538
71540
71546
71548
71613
71631
71635
71638
71640
71644
71647
71651
71652
71654
71660
71662
71691
71709
71713
71716
71718
71722
71725
71729
71730
71732
71738
71740
71769
71787
71791
71794
71796
71800
71802
71803
71817
71832
71834
71837
71839
71841
71850
71856
71857
71861
71863
71922
71928
71939
71949
71955
71956
71960
71962
72023
72029
72035
72053
72063
72069
72070
72074
72076
72101
72107
72113
72131
72141
72147
72148
72152
72154
72179
72185
72191
72209
72215
72216
72227
72232
72237
72251
72273
72278
72283
72285
72325
72331
72337
72367
72372
72377
72379
72421
72427
72432
72433
72439
72475
72480
72485
72487
72493
72499
72504
72505
72511
72547
72552
72557
72559
72565
72571
72576
72577
72583
72604
72609
72614
72619
72620
72624
72636
72641
72642
72646
72648
72707
72713
72722
72730
72735
72736
72740
72742
72803
72809
72815
72830
72838
72843
72844
72848
72850
72875
72881
72887
72902
72910
72915
72916
72920
72922
72947
72953
72959
72974
72979
72980
72991
72996
73001
73008
73029
73034
73039
73041
73081
73087
73093
73123
73128
73133
73135
73177
73183
73188
73189
73195
73231
73236
73241
73243
73249
73255
73260
73261
73267
73303
73308
73313
73315
73321
73327
73332
73333
73339
73360
73365
73369
73374
73375
73379
73390
73395
73400
73461
73467
73484
73489
73494
73557
73563
73569
73592
73597
73602
73629
73635
73641
73664
73669
73674
73701
73707
73713
73733
73745
73750
73755
73764
73768
73769
73771
73777
73842
73852
73856
73863
73867
73868
73870
73876
73943
73961
73965
73970
73977
73981
73982
73984
73990
74021
74039
74043
74048
74055
74059
74060
74062
74068
74099
74117
74121
74126
74132
74133
74147
74160
74161
74189
74194
74199
74201
74241
74247
74253
74288
74293
74298
74300
74342
74348
74353
74354
74360
74402
74407
74412
74414
74420
74426
74431
74432
74438
74480
74485
74490
74492
74498
74504
74509
74510
74516
74541
74546
74549
74553
74565
74570
74575
74636
74642
74659
74664
74669
74732
74738
74744
74767
74772
74777
74804
74810
74816
74839
74844
74849
74876
74882
74888
74908
74920
74925
74930
74946
74951
74956
74981
74987
75004
75009
75014
75041
75047
75053
75076
75081
75086
75113
75119
75125
75148
75153
75158
75185
75191
75197
75217
75229
75234
75239
75258
75263
75264
75268
75270
75293
75299
75308
75316
75321
75322
75326
75328
75353
75359
75365
75380
75388
75393
75394
75398
75400
75425
75431
75437
75452
75460
75465
75466
75470
75472
75497
75503
75509
75524
75529
75530
75541
75546
75551
75560
75563
75569
75575
76054
76059
76067
76073
76079
76565
76570
76575
76583
76589
76595
76643
76648
76653
76661
76667
76673
76721
76726
76731
76738
76766
76771
76776
76782
76788
76831
76836
76844
76850
76856
76904
76909
76914
76922
76928
76934
76982
76987
76992
77000
77006
77012
77060
77065
77070
77077
77105
77107
77114
77120
77126
77171
77176
77184
77190
77196
77244
77249
77254
77262
77268
77274
77322
77327
77332
77340
77346
77352
77400
77405
77410
77417
77445
77452
77458
77463
77464
77470
77948
77953
77958
77960
77966
77972
77977
77978
77984
78464
78469
78474
78476
78482
78488
78493
78494
78500
78542
78547
78552
78554
78560
78566
78571
78572
78578
78620
78625
78630
78632
78637
78640
78665
78669
78675
78680
78685
78712
78718
78724
78747
78752
78757
78784
78790
78796
78819
78824
78829
78856
78862
78868
78891
78896
78901
78928
78934
78940
78960
78972
78977
78991
78996
79001
79028
79034
79040
79063
79068
79073
79100
79106
79112
79135
79140
79145
79172
79178
79184
79207
79212
79217
79244
79250
79256
79276
79292
79306
79311
79316
79333
79385
79391
79392
79397
79399
79420
79425
79430
79447
79499
79505
79506
79511
79513
79534
79539
79544
79561
79571
79577
79578
79583
79585
79606
79611
79616
79633
79643
79649
79650
79655
79657
79675
79689
79690
79715
79720
79725
79769
79775
79781
79823
79828
79833
79877
79883
79889
79931
79936
79941
79949
79955
79961
80003
80008
80013
80021
80027
80033
80060
80064
80072
80073
80076
80083
80089
80164
80170
80175
80176
80192
80193
80196
80203
80209
80284
80290
80295
80296
80312
80313
80316
80323
80329
80368
80374
80379
80380
80396
80397
80400
80407
80413
80452
80458
80463
80464
80479
80482
80497
80509
80514
80519
80536
80582
80588
80589
80594
80596
80617
80622
80627
80644
80690
80696
80697
80702
80704
80725
80730
80735
80752
80762
80768
80769
80774
80776
80797
80802
80807
80824
80834
80840
80841
80846
80848
80866
80875
80876
80897
80902
80905
80907
80911
80951
80957
80963
80965
80999
81004
81007
81009
81013
81053
81059
81065
81067
81101
81106
81109
81111
81115
81119
81125
81131
81133
81167
81172
81175
81177
81181
81185
81191
81197
81199
81220
81221
81224
81235
81240
81245
81265
81313
81320
81321
81326
81328
81349
81354
81359
81379
81427
81434
81435
81440
81442
81463
81468
81473
81493
81505
81512
81513
81518
81520
81541
81546
81551
81571
81583
81590
81591
81596
81598
81616
81627
81628
81649
81654
81657
81659
81663
81703
81709
81715
81717
81751
81756
81759
81761
81765
81805
81811
81817
81819
81853
81858
81861
81863
81867
81871
81877
81883
81885
81919
81924
81927
81929
81933
81937
81943
81949
81951
81972
81973
81976
81987
81992
81997
82017
82065
82072
82073
82078
82080
82101
82106
82111
82131
82179
82186
82187
82192
82194
82215
82220
82225
82245
82257
82264
82265
82270
82272
82293
82298
82303
82323
82335
82342
82343
82348
82350
82368
82379
82380
82385
82386
82389
82396
82402
82422
82477
82478
82483
82485
82488
82489
82505
82506
82509
82516
82522
82542
82597
82598
82603
82605
82608
82609
82625
82626
82629
82636
82642
82662
82681
82682
82687
82689
82692
82693
82709
82710
82713
82720
82726
82746
82765
82766
82771
82773
82776
82777
82792
82795
82806
82807
82829
82834
82837
82839
82843
82883
82889
82895
82897
82931
82936
82939
82941
82945
82985
82991
82997
82999
83033
83038
83041
83043
83047
83051
83057
83063
83065
83099
83104
83107
83109
83113
83117
83123
83129
83131
83152
83153
83156
83167
83181
83187
83190
83192
83196
83235
83241
83242
83245
83251
83253
83275
83289
83295
83298
83300
83304
83343
83349
83350
83353
83359
83361
83383
83397
83403
83406
83408
83412
83415
83421
83422
83425
83431
83433
83455
83469
83475
83478
83480
83484
83487
83493
83494
83497
83503
83505
83527
83528
83530
83532
83543
83557
83563
83566
83568
83572
83611
83617
83618
83621
83627
83629
83651
83665
83671
83674
83676
83680
83719
83725
83726
83729
83735
83737
83759
83773
83779
83782
83784
83788
83791
83797
83798
83801
83807
83809
83831
83845
83851
83854
83856
83860
83863
83869
83870
83873
83879
83881
83903
83904
83906
83908
83919
83930
83933
83935
83942
83947
83967
84004
84005
84010
84012
84014
84017
84019
84020
84051
84062
84065
84067
84074
84079
84099
84136
84137
84142
84144
84146
84149
84151
84152
84183
84194
84197
84199
84206
84211
84231
84250
84251
84256
84258
84260
84263
84265
84266
84297
84308
84311
84313
84320
84325
84345
84364
84365
84370
84372
84374
84377
84379
84380
84409
84412
84423
84424
84425
84448
84449
84451
84457
84462
84478
84482
84484
84501
84502
84505
84507
84509
84512
84513
84556
84557
84559
84565
84570
84586
84590
84592
84609
84610
84613
84615
84617
84620
84621
84664
84665
84667
84673
84678
84694
84698
84700
84717
84718
84721
84723
84725
84728
84729
84772
84773
84775
84781
84786
84802
84806
84808
84825
84826
84829
84831
84833
84836
84837
84867
84869
84874
84880
84881
84894
84907
84910
84912
84919
84924
84940
84944
84946
84963
84964
84967
84969
84971
84973
84976
84978
84979
85014
85027
85030
85032
85039
85044
85060
85064
85066
85083
85084
85087
85089
85091
85093
85096
85098
85099
85134
85147
85150
85152
85159
85164
85180
85184
85186
85203
85204
85207
85209
85211
85213
85216
85218
85219
85254
85267
85270
85272
85279
85284
85300
85304
85306
85323
85324
85327
85329
85331
85333
85336
85338
85339
85372
85375
85380
85386
85387
85388
85416
85427
85430
85432
85439
85444
85461
85464
85467
85485
85505
85512
85526
85527
85530
85531
85533
85535
85538
85540
85541
85602
85613
85616
85618
85625
85630
85647
85650
85653
85671
85691
85698
85712
85713
85716
85717
85719
85721
85724
85726
85727
85788
85799
85802
85804
85811
85816
85833
85836
85839
85857
85877
85884
85898
85899
85902
85903
85905
85907
85910
85912
85913
85974
85985
85988
85990
85997
86002
86019
86022
86025
86043
86063
86070
86084
86085
86088
86089
86091
86093
86096
86098
86099
86146
86149
86155
86166
86170
86171
86172
86213
86214
86216
86231
86234
86236
86243
86248
86265
86268
86271
86286
86289
86292
86307
86310
86313
86412
86415
86418
86433
86436
86439
86453
86454
86457
86458
86460
86462
86465
86467
86484
86485
86558
86559
86561
86576
86579
86581
86588
86593
86610
86613
86616
86631
86634
86637
86652
86655
86658
86757
86760
86763
86778
86781
86784
86798
86799
86802
86803
86805
86807
86810
86812
86829
86830
86903
86904
86906
86921
86924
86926
86933
86938
86955
86958
86961
86976
86979
86982
86997
87000
87003
87102
87105
87108
87123
87126
87129
87143
87144
87147
87148
87150
87152
87155
87157
87174
87175
87248
87249
87251
87266
87269
87271
87278
87283
87300
87303
87306
87321
87324
87327
87342
87345
87348
87447
87450
87453
87468
87471
87474
87488
87489
87492
87493
87495
87497
87500
87502
87519
87520
87568
87572
87575
87581
87586
87591
87616
87621
87625
87626
87627
87694
87705
87707
87708
87723
87725
87726
87741
87743
87744
87759
87761
87762
87763
87889
87900
87902
87903
87918
87920
87921
87936
87938
87939
87954
87956
87957
87958
88084
88095
88097
88098
88113
88115
88116
88131
88133
88134
88149
88151
88152
88153
88279
88290
88292
88293
88308
88310
88311
88326
88328
88329
88344
88346
88347
88348
88434
88438
88442
88446
192697
192700
193905
193907
194050
195429
195447
203174
203176
203194
203195
203197
203202
203203
203207
203209
204634
204757
204759
205239
205348
205449
205451
205545
205547
205626
205706
205709
205783
)
;
    flipMap         List<bool> 
3109
(
1
1
1
1
1
1
1
1
1
1
1
1
1
1
1
1
1
0
0
0
0
1
0
0
0
0
0
0
0
1
1
1
1
0
0
0
0
0
0
0
1
1
1
1
0
0
0
0
0
0
0
1
1
1
1
0
0
0
0
0
0
0
1
1
1
1
0
0
0
1
0
0
0
0
1
1
1
0
0
0
0
1
1
1
0
0
0
0
1
1
1
0
0
0
0
1
1
1
0
0
1
0
0
0
1
1
1
0
0
0
1
1
1
0
0
0
1
1
1
0
0
0
1
1
0
0
0
0
0
1
1
0
0
0
1
1
0
0
0
1
1
0
0
0
1
1
1
0
0
1
0
0
1
1
1
0
0
1
1
1
0
0
1
1
1
0
0
1
1
1
1
1
1
0
0
1
1
0
0
1
1
0
0
1
1
0
0
1
1
1
1
0
0
1
1
0
0
1
1
0
0
1
1
0
0
1
1
0
0
1
0
0
1
0
0
1
0
0
0
0
0
0
1
1
0
0
1
1
0
0
1
1
0
0
1
1
0
0
0
0
1
0
0
1
0
0
1
0
0
1
1
1
0
0
1
0
0
1
0
0
1
0
0
0
0
0
0
1
0
0
1
0
0
1
0
0
1
1
1
0
0
1
0
0
1
0
0
1
0
0
0
0
0
0
1
0
0
1
0
0
1
0
0
1
0
0
1
1
0
1
1
0
1
1
0
1
1
1
1
0
1
0
1
0
1
0
0
0
0
0
1
0
0
1
0
0
1
0
0
1
0
0
1
0
1
0
1
0
1
0
0
1
0
1
0
1
0
1
1
1
0
0
1
0
0
1
0
0
1
0
0
1
1
0
1
0
1
0
1
0
1
1
0
1
0
1
0
1
0
1
1
0
1
0
1
0
1
0
0
1
1
0
1
1
0
1
1
0
1
1
0
1
1
0
1
0
1
0
1
0
1
0
1
0
1
0
1
0
1
0
1
0
1
1
1
0
1
1
0
1
1
0
1
1
0
1
1
0
1
0
0
1
0
0
1
0
0
1
0
0
1
0
0
0
1
0
1
0
1
0
1
0
1
1
1
0
1
1
0
1
1
0
1
1
0
1
1
0
0
1
1
0
1
1
0
1
1
0
1
1
0
1
1
1
1
0
1
1
0
1
1
0
1
1
0
1
1
0
0
1
1
0
1
1
0
1
1
0
1
1
0
1
1
1
1
0
0
1
1
0
0
1
1
0
0
1
1
0
0
1
1
0
0
1
1
0
1
1
0
1
1
0
1
1
0
1
1
0
0
0
1
1
0
0
1
1
0
0
1
1
0
0
1
1
0
0
1
1
0
0
1
1
0
0
1
1
0
0
1
1
0
0
1
1
0
0
1
1
0
0
0
1
1
0
0
0
1
1
0
0
0
1
1
0
0
0
1
1
0
0
0
1
1
1
1
0
0
1
1
0
0
1
1
0
0
1
1
0
0
1
1
0
0
1
0
0
0
1
1
1
0
0
0
1
1
1
0
0
0
1
1
1
0
0
0
1
1
1
0
0
0
1
1
1
0
0
0
1
1
1
0
0
0
1
1
1
0
0
0
1
1
1
0
0
0
1
1
1
0
0
0
1
1
1
1
1
0
0
0
0
1
1
1
1
0
0
0
0
1
1
1
1
0
0
0
0
1
1
1
1
0
0
0
0
1
1
1
1
0
0
0
0
1
1
1
1
0
0
0
0
0
1
1
1
1
1
1
1
0
0
0
0
0
1
1
1
1
1
1
1
0
0
0
0
0
1
1
1
1
1
1
1
0
0
0
0
0
1
1
1
1
1
1
1
0
0
0
0
0
1
1
1
1
1
1
1
1
1
1
1
1
1
1
1
1
1
1
1
1
1
1
0
1
1
1
1
1
1
1
1
1
1
1
1
1
1
1
1
1
1
1
1
1
1
1
1
1
1
1
1
1
0
0
1
1
1
1
1
1
1
1
1
1
1
1
1
1
1
1
1
1
1
1
1
1
1
1
1
1
1
1
1
1
1
1
0
0
1
1
1
1
1
1
1
1
1
1
1
1
1
1
1
1
1
1
1
1
1
1
1
1
1
1
1
1
1
1
1
1
0
0
1
1
1
1
1
1
1
1
1
1
1
1
1
1
1
1
1
1
1
1
1
0
1
1
1
1
1
1
1
1
1
1
1
1
1
1
1
1
1
0
1
1
1
0
1
1
1
1
1
1
1
1
1
1
1
1
1
1
1
0
1
1
1
1
0
1
0
1
1
1
1
1
1
1
1
1
1
1
1
1
1
1
1
0
1
1
1
1
0
1
0
1
1
1
1
1
1
1
1
1
1
1
1
1
1
1
1
0
1
1
1
1
0
1
0
1
1
1
1
1
1
1
1
0
1
1
1
1
0
1
0
1
1
1
1
1
1
1
1
1
1
1
1
1
0
1
1
0
1
1
1
1
1
1
1
1
1
1
1
0
1
1
1
0
0
1
1
1
1
1
1
1
1
1
1
1
1
0
1
1
1
0
0
1
1
1
1
1
1
1
1
1
1
1
1
0
1
1
1
0
0
1
1
1
1
1
1
0
1
1
1
0
0
1
1
1
1
1
1
1
1
1
1
1
1
0
1
1
0
1
1
1
1
1
1
1
1
1
1
1
0
1
1
1
0
0
1
1
1
1
1
1
1
1
1
1
1
1
0
1
1
1
0
0
1
1
1
1
1
1
1
1
1
1
1
1
0
1
1
1
0
0
1
1
1
1
1
1
0
1
1
1
0
0
1
1
1
1
1
1
1
1
1
0
1
0
1
1
1
1
1
1
1
0
1
0
1
0
1
1
1
1
1
1
1
0
1
0
1
0
1
1
1
1
1
1
1
0
1
0
1
0
1
1
1
0
1
0
1
0
1
1
1
1
1
1
1
1
1
0
1
1
0
1
1
1
1
1
1
1
1
1
0
1
1
1
0
0
1
1
1
1
1
1
1
1
1
0
1
1
1
0
0
1
1
1
1
1
1
1
1
1
0
1
1
1
0
0
1
1
1
1
0
1
1
1
0
0
1
1
1
1
1
1
1
0
1
0
1
1
1
1
1
1
1
1
0
1
0
0
1
1
1
1
1
1
1
1
0
1
0
0
1
1
1
1
1
1
1
1
0
1
0
0
1
1
1
1
0
1
0
0
1
1
1
1
1
1
1
0
1
0
1
1
1
1
1
1
1
1
0
1
0
0
1
1
1
1
1
1
1
1
0
1
0
0
1
1
1
1
1
1
1
1
0
1
0
0
1
1
1
1
0
1
0
0
1
1
1
1
1
0
0
1
1
1
1
1
0
0
1
0
1
1
1
1
1
0
0
1
0
1
1
1
1
1
0
0
1
0
1
1
0
0
1
0
1
1
1
1
1
1
1
0
1
0
1
1
1
1
1
1
1
0
1
0
1
0
1
1
1
1
1
1
1
0
1
0
1
0
1
1
1
1
1
1
1
0
1
0
1
0
1
1
1
0
1
0
1
0
1
1
1
1
1
1
0
0
1
1
1
1
1
1
0
0
0
1
1
1
1
1
1
0
0
0
1
1
1
1
1
1
0
0
0
1
1
1
0
0
0
1
1
1
1
1
0
0
1
1
1
1
1
0
0
1
0
1
1
1
1
1
0
0
1
0
1
1
1
1
1
0
0
1
0
1
1
0
0
1
0
1
1
1
1
1
1
0
0
1
1
1
1
1
1
0
0
0
1
1
1
1
1
1
0
0
0
1
1
1
1
1
1
0
0
0
1
1
1
0
0
0
1
1
1
1
1
0
0
1
1
1
1
1
0
0
1
0
1
1
1
1
1
0
0
1
0
1
1
1
1
1
0
0
1
0
1
1
0
0
1
0
1
1
1
1
0
0
1
1
1
0
0
0
1
1
1
0
0
0
1
1
1
0
0
0
1
0
0
0
1
1
1
1
1
0
1
0
1
1
1
1
1
0
1
0
0
1
1
1
1
1
0
1
0
0
1
1
1
1
1
0
1
0
0
1
1
0
1
0
1
1
1
1
0
0
1
1
1
1
1
0
0
1
0
1
1
1
1
1
0
0
1
0
1
1
1
1
1
0
0
1
0
1
1
0
0
1
1
1
1
0
0
1
1
1
0
0
0
1
1
1
0
0
0
1
1
1
0
0
0
1
0
0
0
1
1
1
0
0
1
1
1
0
0
0
1
1
1
0
0
0
1
1
1
0
0
0
1
0
0
0
1
1
1
1
1
0
0
1
1
1
1
1
1
0
0
0
1
1
1
1
1
1
0
0
0
1
1
1
1
1
1
0
0
0
1
1
1
0
0
0
1
1
1
1
0
0
1
1
1
0
0
0
1
1
1
0
0
0
1
1
1
0
0
0
1
0
0
1
1
1
0
0
1
1
1
0
0
0
1
1
1
0
0
0
1
1
1
0
0
0
1
0
0
1
1
1
0
0
1
1
1
0
0
0
1
1
1
0
0
0
1
1
1
0
0
0
1
0
1
1
0
1
0
0
0
0
0
1
1
0
1
0
0
0
0
0
1
1
0
1
0
0
0
0
0
1
1
0
1
0
0
0
0
0
1
0
0
0
1
1
1
0
0
0
1
1
1
0
0
0
1
1
1
0
0
0
1
1
1
0
0
0
1
0
0
1
1
1
0
0
0
1
1
1
0
0
0
1
1
1
0
0
0
1
1
1
0
0
0
1
0
1
1
1
0
0
0
0
0
0
1
1
1
0
0
0
0
0
0
1
1
1
0
0
0
0
0
0
1
1
1
0
0
0
0
0
0
1
0
0
1
1
1
0
0
0
1
1
1
0
0
0
1
1
1
0
0
0
1
1
1
0
0
0
1
0
0
1
0
1
1
0
0
0
0
0
1
0
1
1
0
0
0
0
0
1
0
1
1
0
0
0
0
0
1
0
1
1
0
0
0
0
0
1
0
1
1
1
0
0
0
0
0
0
1
1
1
0
0
0
0
0
0
1
1
1
0
0
0
0
0
0
1
1
1
0
0
0
0
0
0
1
0
0
1
1
0
1
0
0
0
0
0
1
1
0
1
0
0
0
0
0
1
1
0
1
0
0
0
0
0
1
1
0
1
0
0
0
0
0
1
0
0
1
1
1
0
0
0
0
0
0
1
1
1
0
0
0
0
0
0
1
1
1
0
0
0
0
0
0
1
1
1
0
0
0
0
0
0
1
0
0
1
1
0
1
0
0
0
0
0
1
1
0
1
0
0
0
0
0
1
1
0
1
0
0
0
0
0
1
1
0
1
0
0
0
0
0
1
0
0
1
1
1
0
0
0
0
0
0
1
1
1
0
0
0
0
0
0
1
1
1
0
0
0
0
0
0
1
1
1
0
0
0
0
0
0
1
0
0
0
1
0
1
1
0
0
0
0
0
0
0
0
1
0
1
1
0
0
0
0
0
0
0
0
1
0
1
1
0
0
0
0
0
0
0
0
1
0
1
1
0
0
0
0
0
0
0
0
1
0
0
1
1
0
1
0
0
0
0
0
1
1
0
1
0
0
0
0
0
1
1
0
1
0
0
0
0
0
1
1
0
1
0
0
0
0
0
1
0
0
1
0
1
0
1
0
0
0
0
0
0
0
1
0
1
0
1
0
0
0
0
0
0
0
1
0
1
0
1
0
0
0
0
0
0
0
1
0
1
0
1
0
0
0
0
0
0
0
1
0
0
0
1
0
1
0
1
0
0
0
0
0
0
0
1
0
1
0
1
0
0
0
0
0
0
0
1
0
1
0
1
0
0
0
0
0
0
0
1
0
1
0
1
0
0
0
0
0
0
0
1
0
0
0
1
0
0
0
1
1
0
0
0
0
0
0
0
0
0
1
0
0
0
1
1
0
0
0
0
0
0
0
0
0
1
0
0
0
1
1
0
0
0
0
0
0
0
0
0
1
0
0
0
1
1
0
0
0
0
0
0
0
0
0
0
1
0
0
0
0
1
0
1
1
0
0
0
0
0
0
0
0
0
0
0
1
0
1
1
0
0
0
0
0
0
0
0
0
0
0
1
0
1
1
0
0
0
0
0
0
0
0
0
0
0
1
0
1
1
0
0
0
0
0
0
0
0
0
0
0
1
0
0
0
1
0
0
0
1
1
0
0
0
0
0
0
0
0
0
0
0
0
1
0
0
0
1
1
0
0
0
0
0
0
0
0
0
0
0
0
1
0
0
0
1
1
0
0
0
0
0
0
0
0
0
0
0
0
1
0
0
0
1
1
0
0
0
0
0
0
0
0
0
0
0
0
0
1
0
0
0
0
1
0
0
0
1
1
0
0
0
0
0
0
0
0
0
0
0
0
0
0
0
1
0
0
0
1
1
0
0
0
0
0
0
0
0
0
0
0
0
0
0
0
1
0
0
0
1
1
0
0
0
0
0
0
0
0
0
0
0
0
0
0
0
1
0
0
0
1
1
0
0
0
0
0
0
0
0
0
0
0
0
0
0
0
0
1
0
0
0
0
0
0
1
0
0
0
0
1
1
0
0
0
0
0
0
0
0
0
0
0
0
0
0
0
0
0
0
0
0
0
0
0
0
0
0
1
0
0
0
0
1
1
0
0
0
0
0
0
0
0
0
0
0
0
0
0
0
0
0
0
0
0
0
0
0
0
0
0
1
0
0
0
0
1
1
0
0
0
0
0
0
0
0
0
0
0
0
0
0
0
0
0
0
0
0
0
0
0
0
0
0
1
0
0
0
0
1
1
0
0
0
0
0
0
0
0
0
0
0
0
0
0
0
0
0
0
0
0
0
0
0
0
0
0
0
1
0
0
0
0
0
0
0
0
1
0
0
0
0
0
0
0
0
0
0
0
0
0
1
0
0
0
0
0
0
0
0
0
0
0
0
0
1
0
0
0
0
0
0
0
0
0
0
0
0
0
1
0
0
0
0
0
0
0
0
0
0
0
0
0
0
0
0
0
1
0
0
0
0
0
0
0
0
0
0
0
0
0
0
0
0
0
0
0
0
0
0
0
0
0
0
0
0
)
;
}
)

// ************************************************************************* //
