/*--------------------------------*- C++ -*----------------------------------*\
| =========                 |                                                 |
| \\      /  F ield         | OpenFOAM: The Open Source CFD Toolbox           |
|  \\    /   O peration     | Version:  2412                                  |
|   \\  /    A nd           | Website:  www.openfoam.com                      |
|    \\/     M anipulation  |                                                 |
\*---------------------------------------------------------------------------*/
FoamFile
{
    version     2.0;
    format      ascii;
    arch        "LSB;label=32;scalar=64";
    class       regIOobject;
    location    "constant/polyMesh";
    object      faceZones;
    meta
    {
        names           1 ( faceMRFzone );
    }
}
// * * * * * * * * * * * * * * * * * * * * * * * * * * * * * * * * * * * * * //

1
(faceMRFzone
{
    type            faceZone;
    faceLabels      List<label> 
3328
(
3787
3793
3799
3805
3968
3974
3980
3986
4149
4155
4161
4167
4315
4321
4327
4333
4561
4562
4564
4568
4574
4604
4610
4616
4624
4627
4632
4766
4767
4769
4773
4779
4809
4815
4821
4829
4832
4837
4971
4972
4974
4978
4984
5014
5020
5026
5034
5037
5042
5162
5163
5165
5169
5175
5205
5211
5217
5225
5228
5233
5327
5328
5329
5333
5436
5437
5439
5443
5527
5535
5538
5653
5654
5656
5660
5744
5752
5755
5870
5871
5873
5877
5961
5969
5972
6075
6076
6078
6082
6166
6174
6177
6265
6266
6267
6378
6379
6381
6493
6501
6504
6607
6608
6610
6722
6730
6733
6836
6837
6839
6951
6959
6962
7054
7055
7057
7169
7177
7180
7262
7263
7386
7388
7524
7531
7534
7629
7631
7767
7774
7777
7872
7874
8010
8017
8020
8104
8106
8242
8249
8252
8333
8334
8335
8462
8463
8465
8621
8624
8717
8718
8720
8876
8879
8972
8973
8975
9131
9134
9216
9217
9219
9375
9378
9453
9455
9581
9583
9752
9754
9842
9844
10011
10013
10101
10103
10259
10261
10339
10341
10497
10499
10575
10577
10708
10710
10891
10893
10981
10983
11162
11164
11252
11254
11422
11424
11502
11504
11672
11674
11747
11879
12074
12076
12158
12351
12353
12435
12617
12619
12692
12874
12876
12947
12948
13080
13082
13286
13289
13365
13367
13569
13572
13648
13650
13841
13844
13911
13913
14104
14107
14171
14172
14311
14313
14528
14604
14606
14819
14895
14897
15099
15166
15168
15370
15434
15584
15803
15805
15881
16098
16100
16176
16382
16384
16451
16657
16659
16726
16727
16890
16892
17120
17195
17197
17423
17498
17500
17715
17781
17783
17998
18058
18223
18454
18456
18526
18755
18757
18827
19045
19047
19109
19327
19329
19394
19395
19567
19569
19809
19884
19886
20124
20199
20201
20428
20494
20496
20723
20787
20951
21191
21194
21266
21504
21507
21579
21806
21809
21873
22100
22103
22161
22304
22549
22621
22864
22936
23168
23232
23464
23524
23525
23666
23668
23920
23983
23985
24235
24298
24300
24539
24594
24596
24835
24904
25045
25297
25362
25614
25679
25929
25986
26236
26317
26454
26706
26777
27029
27100
27352
27415
27667
27725
27855
28111
28114
28176
28432
28435
28497
28753
28756
28811
29067
29070
29139
29274
29533
29597
29832
29896
30009
30066
30179
30253
30390
30649
30713
30948
31012
31125
31182
31295
31369
31501
31760
31824
32083
32147
32382
32439
32674
32754
32896
33146
33148
33221
33471
33473
33546
33796
33798
33863
34113
34115
34174
34320
34572
34637
34889
34954
35206
35263
35515
35586
35795
36047
36112
36362
36427
36666
36723
36962
37033
37035
37260
37263
37508
37577
37580
37823
37892
37895
38127
38188
38191
38423
38487
38681
38741
38988
38990
39058
39303
39305
39373
39607
39609
39669
39903
39905
39969
40237
40477
40554
40792
40869
41096
41164
41391
41450
41452
41704
41707
41940
42009
42012
42243
42312
42315
42535
42596
42599
42819
42886
43076
43077
43152
43379
43381
43459
43684
43686
43764
43978
43980
44049
44263
44265
44327
44329
44513
44582
44585
44806
44879
44882
45101
45174
45177
45385
45449
45452
45660
45728
45908
45909
45986
46201
46203
46281
46494
46496
46574
46776
46778
46847
47049
47051
47113
47114
47290
47292
47357
47359
47570
47572
47642
47644
47853
47855
47925
47927
48125
48127
48188
48190
48388
48390
48455
48457
48621
48700
48703
48900
48983
48986
49181
49264
49267
49451
49525
49528
49712
49787
49790
49947
49948
50029
50032
50220
50222
50304
50307
50493
50495
50577
50580
50755
50757
50829
50832
51007
51009
51080
51083
51230
51231
51315
51318
51494
51496
51580
51583
51757
51759
51843
51846
52009
52011
52085
52088
52251
52253
52327
52330
52465
52467
52468
52556
52559
52721
52723
52725
52813
52816
52978
52980
52982
53070
53073
53233
53235
53237
53314
53317
53477
53479
53481
53556
53558
53683
53685
53774
53777
53927
53929
54019
54022
54172
54174
54264
54267
54417
54419
54498
54501
54651
54653
54731
54736
54739
54844
54846
54847
54939
54946
54949
55075
55077
55079
55172
55179
55182
55308
55310
55312
55405
55412
55415
55541
55543
55545
55627
55634
55637
55763
55765
55767
55856
55861
55864
55949
55951
55952
56060
56067
56070
56172
56174
56176
56285
56292
56295
56397
56399
56401
56510
56517
56520
56622
56624
56626
56723
56730
56733
56835
56837
56839
56940
56945
56947
56953
57008
57012
57014
57015
57134
57140
57143
57150
57216
57221
57223
57224
57345
57351
57354
57361
57427
57432
57434
57435
57556
57562
57565
57572
57638
57643
57645
57646
57753
57759
57762
57769
57835
57840
57842
57843
57957
57962
57967
57973
57976
57981
57986
57991
57992
57993
57997
58002
58138
58144
58150
58158
58161
58167
58173
58179
58180
58182
58186
58192
58331
58337
58343
58351
58354
58360
58366
58372
58373
58375
58379
58385
58524
58530
58536
58544
58547
58553
58559
58565
58566
58568
58572
58578
58702
58708
58714
58722
58725
58731
58737
58743
58744
58746
58750
58756
64001
64004
64012
64015
64023
64024
64026
64028
64030
64041
64043
64054
64056
64067
64069
64076
64086
64089
64097
64100
64108
64111
64155
64158
64161
64173
64176
64179
64190
64191
64194
64195
64197
64199
64202
64204
64220
64223
64225
64241
64244
64246
64262
64265
64267
64274
64279
64293
64296
64299
64311
64314
64317
64329
64332
64335
64386
64389
64392
64404
64407
64410
64421
64422
64425
64426
64428
64430
64433
64435
64451
64454
64456
64472
64475
64477
64493
64496
64498
64505
64510
64524
64527
64530
64542
64545
64548
64560
64563
64566
64617
64620
64623
64635
64638
64641
64652
64653
64656
64657
64659
64661
64664
64666
64682
64685
64687
64703
64706
64708
64724
64727
64729
64736
64741
64755
64758
64761
64773
64776
64779
64791
64794
64797
64844
64846
64848
64859
64861
64863
64873
64874
64876
64877
64878
64880
64883
64885
64898
64901
64903
64916
64919
64921
64934
64937
64939
64945
64949
64961
64963
64965
64976
64978
64980
64991
64993
64995
65033
65036
65040
65045
65047
65053
65054
65055
65165
65174
65175
65185
65191
65196
65204
65207
65246
65249
65252
65254
65259
65263
65268
65270
65275
65277
65278
65279
65459
65473
65475
65476
65494
65500
65504
65505
65510
65522
65525
65528
65573
65576
65579
65581
65586
65590
65595
65597
65602
65604
65605
65606
65786
65800
65802
65803
65821
65827
65831
65832
65837
65849
65852
65855
65900
65903
65906
65908
65913
65917
65922
65924
65929
65931
65932
65933
66113
66127
66129
66130
66148
66154
66158
66159
66164
66176
66179
66182
66223
66225
66227
66229
66234
66237
66242
66243
66247
66249
66250
66251
66401
66412
66414
66415
66430
66435
66439
66440
66443
66454
66456
66458
66497
66498
66501
66502
66504
66506
66508
66509
66510
66574
66583
66584
66590
66600
66603
66641
66642
66645
66646
66648
66650
66652
66653
66654
66729
66743
66745
66746
66752
66757
66771
66774
66777
66821
66822
66825
66826
66828
66830
66832
66833
66834
66909
66923
66925
66926
66932
66937
66951
66954
66957
67001
67002
67005
67006
67008
67010
67012
67013
67014
67089
67103
67105
67106
67112
67117
67131
67134
67137
67177
67178
67180
67181
67182
67184
67186
67187
67188
67251
67262
67264
67265
67270
67274
67286
67288
67290
67315
67316
67319
67321
67323
67325
67327
67328
67329
67364
67374
67375
67381
67391
67393
67407
67408
67411
67413
67415
67417
67419
67420
67421
67458
67474
67476
67477
67483
67488
67501
67505
67507
67521
67522
67525
67527
67529
67531
67533
67534
67535
67572
67588
67590
67591
67597
67602
67615
67619
67621
67635
67636
67639
67641
67643
67645
67647
67648
67649
67686
67702
67704
67705
67711
67716
67729
67733
67735
67748
67749
67751
67753
67754
67756
67758
67759
67760
67791
67804
67806
67807
67812
67816
67827
67830
67831
67852
67857
67858
67861
67866
67868
67894
67904
67910
67915
67944
67949
67950
67953
67958
67960
67988
68007
68013
68017
68018
68023
68058
68063
68064
68067
68072
68074
68102
68121
68127
68131
68132
68137
68172
68177
68178
68181
68186
68188
68216
68235
68241
68245
68246
68251
68283
68288
68289
68291
68296
68297
68321
68337
68342
68346
68347
68350
68373
68374
68378
68380
68382
68384
68385
68386
68421
68431
68432
68438
68447
68460
68461
68465
68467
68469
68471
68472
68473
68510
68526
68528
68529
68535
68540
68555
68568
68569
68573
68575
68577
68579
68580
68581
68636
68652
68654
68655
68661
68666
68681
68694
68695
68699
68701
68703
68705
68706
68707
68744
68760
68762
68763
68769
68774
68789
68801
68802
68805
68806
68808
68810
68811
68812
68843
68856
68858
68859
68864
68868
68880
68892
68893
68897
68899
68902
68903
68918
68921
68928
68937
68950
68951
68955
68957
68960
68961
68977
68978
68981
68988
68994
69009
69022
69023
69027
69029
69032
69033
69097
69098
69101
69108
69114
69129
69142
69143
69147
69149
69152
69153
69211
69212
69215
69222
69228
69243
69255
69256
69259
69260
69263
69264
69313
69314
69317
69323
69328
69340
69352
69353
69357
69359
69362
69363
69378
69381
69388
69397
69410
69411
69415
69417
69420
69421
69437
69438
69441
69448
69454
69469
69482
69483
69487
69489
69492
69493
69551
69552
69555
69562
69568
69583
69596
69597
69601
69603
69606
69607
69659
69660
69663
69670
69676
69691
69703
69704
69707
69708
69711
69712
69755
69756
69759
69765
69770
69782
69804
69809
69814
69816
69820
69826
69832
69862
69867
69872
69874
69880
69886
69891
69892
69898
69934
69939
69944
69946
69994
70000
70005
70006
70012
70048
70053
70058
70060
70102
70108
70113
70114
70120
70153
70157
70162
70163
70198
70203
70208
70209
70213
70227
70231
70232
70234
70240
70242
70269
70279
70283
70287
70290
70294
70295
70297
70303
70305
70334
70352
70356
70359
70361
70365
70368
70372
70373
70375
70381
70383
70454
70472
70476
70479
70481
70485
70488
70492
70493
70495
70501
70503
70568
70586
70590
70593
70595
70599
70602
70606
70607
70608
70614
70615
70670
70685
70688
70691
70693
70695
70704
70710
70711
70715
70717
70740
70746
70757
70767
70773
70774
70778
70780
70805
70811
70817
70835
70845
70851
70852
70856
70858
70925
70931
70937
70955
70965
70971
70972
70976
70978
71039
71045
71051
71069
71079
71084
71085
71088
71089
71141
71146
71151
71166
71188
71193
71198
71200
71204
71210
71216
71246
71251
71256
71258
71264
71270
71275
71276
71282
71318
71323
71328
71330
71378
71384
71389
71390
71396
71432
71437
71442
71444
71486
71492
71497
71498
71504
71537
71541
71546
71547
71582
71587
71592
71593
71597
71615
71620
71621
71625
71627
71650
71656
71665
71673
71678
71679
71683
71685
71710
71716
71722
71737
71745
71750
71751
71755
71757
71824
71830
71836
71851
71859
71864
71865
71869
71871
71932
71938
71944
71959
71967
71971
71972
71975
71976
72028
72033
72038
72050
72072
72077
72082
72084
72088
72094
72100
72130
72135
72140
72142
72148
72154
72159
72160
72166
72202
72207
72212
72214
72262
72268
72273
72274
72280
72316
72321
72326
72328
72370
72376
72381
72382
72388
72421
72425
72430
72431
72466
72471
72476
72477
72481
72499
72504
72509
72534
72540
72557
72562
72567
72594
72600
72606
72629
72634
72639
72708
72714
72720
72743
72748
72753
72816
72822
72828
72851
72855
72859
72912
72917
72922
72937
72941
72942
72944
72950
72979
72989
72993
73000
73004
73005
73007
73013
73044
73062
73066
73071
73078
73082
73083
73085
73091
73164
73182
73186
73191
73198
73202
73203
73205
73211
73278
73296
73300
73305
73312
73316
73317
73318
73324
73380
73395
73398
73403
73430
73435
73440
73442
73446
73452
73458
73493
73498
73503
73505
73511
73517
73522
73523
73529
73571
73576
73581
73583
73631
73637
73642
73643
73649
73691
73696
73701
73703
73745
73751
73756
73757
73763
73802
73806
73811
73812
73847
73852
73857
73858
73862
73883
73888
73893
73918
73924
73941
73946
73951
73978
73984
73990
74013
74018
74023
74092
74098
74104
74127
74132
74137
74200
74206
74212
74235
74239
74243
74296
74301
74306
74354
74359
74364
74389
74395
74412
74417
74422
74449
74455
74461
74484
74489
74494
74521
74527
74533
74556
74561
74566
74593
74599
74605
74628
74632
74636
74659
74664
74669
74719
74724
74725
74729
74731
74754
74760
74769
74777
74782
74783
74787
74789
74814
74820
74826
74841
74849
74854
74855
74859
74861
74886
74892
74898
74913
74921
74926
74927
74931
74933
74958
74964
74970
74985
74993
74997
74998
75001
75002
75024
75029
75034
75046
75053
75059
75065
75103
75108
75116
75122
75128
75176
75181
75186
75194
75200
75206
75764
75769
75774
75782
75788
75794
76280
76285
76290
76298
76303
76309
76715
76719
76724
76757
76763
76769
76807
76812
76820
76826
76832
76880
76885
76890
76898
76904
76910
76958
76963
76968
76976
76982
76988
77036
77041
77046
77054
77059
77065
77105
77109
77114
77147
77153
77159
77197
77202
77210
77216
77222
77270
77275
77280
77288
77294
77300
77348
77353
77358
77366
77372
77378
77426
77431
77436
77444
77449
77455
77495
77499
77504
77537
77543
77548
77549
77555
77587
77592
77594
77600
77606
77611
77612
77618
77660
77665
77670
77672
77678
77684
77689
77690
77696
78248
78253
78258
78260
78266
78272
78277
78278
78284
78764
78769
78774
78776
78782
78787
78792
78793
78797
79199
79203
79208
79209
79238
79243
79248
79273
79279
79296
79301
79306
79333
79339
79345
79368
79373
79378
79405
79411
79417
79440
79445
79450
79477
79483
79489
79512
79516
79520
79543
79548
79553
79572
79577
79582
79607
79613
79630
79635
79640
79667
79673
79679
79702
79707
79712
79739
79745
79751
79774
79779
79784
79811
79817
79823
79846
79850
79854
79877
79882
79887
79931
79936
79941
79958
79966
79972
79974
79989
79994
79999
80016
80026
80032
80033
80038
80040
80061
80066
80071
80088
80146
80152
80153
80158
80160
80181
80186
80191
80208
80260
80266
80267
80272
80274
80295
80299
80303
80317
80362
80367
80368
80372
80373
80424
80429
80434
80440
80446
80482
80487
80492
80500
80506
80512
80554
80559
80564
80614
80620
80626
80668
80673
80678
80722
80728
80734
80773
80777
80782
80818
80823
80829
80847
80848
80851
80858
80864
80902
80908
80911
80912
80924
80925
80928
80935
80941
80980
80986
80991
80992
81008
81009
81012
81019
81025
81106
81112
81117
81118
81134
81135
81138
81145
81151
81226
81232
81237
81238
81254
81255
81258
81264
81269
81333
81338
81342
81343
81360
81365
81370
81387
81397
81403
81408
81410
81425
81430
81435
81452
81462
81468
81469
81474
81476
81497
81502
81507
81524
81576
81582
81583
81588
81590
81611
81616
81621
81638
81684
81690
81691
81696
81698
81719
81723
81727
81741
81780
81785
81786
81790
81791
81821
81826
81829
81831
81835
81839
81845
81850
81852
81881
81886
81889
81891
81895
81899
81905
81911
81913
81947
81952
81955
81957
81961
82007
82013
82019
82021
82055
82060
82063
82065
82069
82109
82115
82121
82123
82154
82158
82161
82163
82165
82199
82204
82210
82211
82229
82234
82239
82259
82271
82278
82279
82284
82286
82303
82308
82313
82333
82345
82352
82353
82358
82360
82381
82386
82391
82411
82465
82472
82473
82478
82480
82501
82506
82511
82531
82579
82586
82587
82592
82594
82615
82619
82623
82640
82681
82687
82688
82692
82693
82723
82728
82731
82733
82737
82741
82747
82753
82755
82785
82790
82793
82795
82799
82803
82809
82815
82817
82851
82856
82859
82861
82865
82911
82917
82923
82925
82959
82964
82967
82969
82973
83013
83019
83025
83027
83058
83062
83065
83067
83069
83103
83108
83114
83115
83133
83138
83143
83163
83175
83182
83183
83188
83190
83210
83215
83220
83240
83252
83259
83260
83265
83267
83288
83293
83298
83318
83372
83379
83380
83385
83387
83408
83413
83418
83438
83486
83493
83494
83499
83501
83522
83526
83530
83547
83588
83594
83595
83599
83600
83614
83615
83618
83625
83631
83651
83670
83671
83676
83678
83681
83682
83697
83698
83701
83708
83714
83734
83753
83754
83759
83761
83764
83765
83781
83782
83785
83792
83798
83818
83879
83880
83885
83887
83890
83891
83907
83908
83911
83918
83924
83944
83999
84000
84005
84007
84010
84011
84027
84028
84031
84037
84042
84059
84106
84107
84111
84112
84115
84116
84145
84150
84153
84155
84159
84163
84169
84175
84177
84208
84213
84216
84218
84222
84226
84232
84238
84240
84274
84279
84282
84284
84288
84334
84340
84346
84348
84382
84387
84390
84392
84396
84436
84442
84448
84450
84481
84485
84488
84490
84492
84526
84531
84537
84538
84556
84570
84576
84579
84581
84585
84588
84594
84595
84598
84604
84606
84628
84642
84648
84651
84653
84657
84660
84666
84667
84670
84676
84678
84700
84714
84720
84723
84725
84729
84774
84780
84781
84784
84790
84792
84814
84828
84834
84837
84839
84843
84882
84888
84889
84892
84898
84900
84922
84933
84938
84941
84943
84945
84978
84984
84985
84987
84993
84994
85012
85026
85032
85035
85037
85041
85044
85050
85051
85054
85060
85062
85084
85098
85104
85107
85109
85113
85116
85122
85123
85126
85132
85134
85156
85170
85176
85179
85181
85185
85230
85236
85237
85240
85246
85248
85270
85284
85290
85293
85295
85299
85338
85344
85345
85348
85354
85356
85378
85389
85394
85397
85399
85401
85434
85440
85441
85443
85449
85450
85468
85479
85482
85484
85491
85496
85516
85535
85536
85541
85543
85545
85548
85550
85551
85582
85593
85596
85598
85605
85610
85630
85649
85650
85655
85657
85659
85662
85664
85665
85696
85707
85710
85712
85719
85724
85744
85763
85764
85769
85771
85773
85776
85778
85779
85810
85821
85824
85826
85833
85838
85858
85877
85878
85883
85885
85887
85890
85892
85893
85924
85932
85935
85937
85943
85947
85964
85996
85997
86001
86002
86004
86007
86009
86010
86046
86047
86049
86055
86060
86076
86080
86082
86099
86100
86103
86105
86107
86110
86111
86154
86155
86157
86163
86168
86184
86188
86190
86207
86208
86211
86213
86215
86218
86219
86262
86263
86265
86271
86276
86292
86296
86298
86315
86316
86319
86321
86323
86326
86327
86370
86371
86373
86379
86384
86400
86404
86406
86423
86424
86427
86429
86431
86434
86435
86475
86476
86478
86483
86487
86501
86504
86505
86521
86522
86524
86526
86527
86530
86531
86558
86571
86574
86576
86583
86588
86604
86608
86610
86627
86628
86631
86633
86635
86637
86640
86642
86643
86678
86691
86694
86696
86703
86708
86724
86728
86730
86747
86748
86751
86753
86755
86757
86760
86762
86763
86798
86811
86814
86816
86823
86828
86844
86848
86850
86867
86868
86871
86873
86875
86877
86880
86882
86883
86918
86931
86934
86936
86943
86948
86964
86968
86970
86987
86988
86991
86993
86995
86997
87000
87002
87003
87038
87048
87051
87053
87059
87063
87077
87080
87081
87097
87098
87100
87102
87103
87105
87108
87110
87111
87154
87165
87168
87170
87177
87182
87199
87202
87205
87223
87243
87250
87264
87265
87268
87269
87271
87273
87276
87278
87279
87340
87351
87354
87356
87363
87368
87385
87388
87391
87409
87429
87436
87450
87451
87454
87455
87457
87459
87462
87464
87465
87526
87537
87540
87542
87549
87554
87571
87574
87577
87595
87615
87622
87636
87637
87640
87641
87643
87645
87648
87650
87651
87712
87723
87726
87728
87735
87740
87757
87760
87763
87781
87801
87808
87822
87823
87826
87827
87829
87831
87834
87836
87837
87895
87903
87906
87908
87914
87918
87933
87935
87937
87953
87971
87976
87989
87990
87992
87993
87994
87996
87999
88001
88002
88065
88066
88068
88083
88086
88088
88095
88100
88117
88120
88123
88138
88141
88144
88159
88162
88165
88264
88267
88270
88285
88288
88291
88305
88306
88309
88310
88312
88314
88317
88319
88336
88337
88410
88411
88413
88428
88431
88433
88440
88445
88462
88465
88468
88483
88486
88489
88504
88507
88510
88609
88612
88615
88630
88633
88636
88650
88651
88654
88655
88657
88659
88662
88664
88681
88682
88755
88756
88758
88773
88776
88778
88785
88790
88807
88810
88813
88828
88831
88834
88849
88852
88855
88954
88957
88960
88975
88978
88981
88995
88996
88999
89000
89002
89004
89007
89009
89026
89027
89100
89101
89103
89118
89121
89123
89130
89135
89152
89155
89158
89173
89176
89179
89194
89197
89200
89299
89302
89305
89320
89323
89326
89340
89341
89344
89345
89347
89349
89352
89354
89371
89372
89439
89440
89442
89454
89457
89459
89465
89469
89484
89486
89488
89502
89504
89506
89520
89522
89524
89610
89612
89614
89628
89630
89632
89645
89646
89648
89649
89650
89652
89655
89657
89671
89672
89758
89769
89771
89772
89787
89789
89790
89805
89807
89808
89823
89825
89826
89827
89953
89964
89966
89967
89982
89984
89985
90000
90002
90003
90018
90020
90021
90022
90148
90159
90161
90162
90177
90179
90180
90195
90197
90198
90213
90215
90216
90217
90343
90354
90356
90357
90372
90374
90375
90390
90392
90393
90408
90410
90411
90412
90529
90537
90539
90540
90552
90554
90555
90567
90569
90570
90582
90584
90585
90586
193165
194842
194914
194978
195041
196033
196035
196038
196456
)
;
    flipMap         List<bool> 
3328
(
1
1
1
1
1
1
1
1
1
1
1
1
1
1
1
1
1
0
0
0
0
0
0
0
1
1
1
1
0
0
0
0
0
0
0
1
1
1
1
0
0
0
0
0
0
0
1
1
1
1
0
0
0
0
0
0
0
1
1
1
1
0
0
0
1
0
0
0
0
1
1
1
0
0
0
0
1
1
1
0
0
0
0
1
1
1
0
0
0
0
1
1
1
0
0
1
0
0
0
1
1
1
0
0
0
1
1
1
0
0
0
1
1
1
0
0
0
1
1
0
0
0
0
0
1
1
0
0
0
1
1
0
0
0
1
1
0
0
0
1
1
1
0
0
1
0
0
1
1
1
0
0
1
1
1
0
0
1
1
1
0
0
1
1
1
1
1
1
0
0
1
1
0
0
1
1
0
0
1
1
0
0
1
1
1
1
0
0
1
1
0
0
1
1
0
0
1
1
0
0
1
1
0
0
1
0
0
1
0
0
1
0
0
0
0
0
0
1
1
0
0
1
1
0
0
1
1
0
0
1
1
0
0
0
0
1
0
0
1
0
0
1
0
0
1
1
1
0
0
1
0
0
1
0
0
1
0
0
0
0
0
0
1
0
0
1
0
0
1
0
0
1
1
1
0
0
1
0
0
1
0
0
1
0
0
0
0
0
0
1
0
0
1
0
0
1
0
0
1
0
0
1
1
0
1
1
0
1
1
0
1
1
1
1
0
1
0
1
0
1
0
0
0
0
0
1
0
0
1
0
0
1
0
0
1
0
0
1
0
1
0
1
0
1
0
0
1
0
1
0
1
0
1
1
1
0
0
1
0
0
1
0
0
1
0
0
1
1
0
1
0
1
0
1
0
1
1
0
1
0
1
0
1
0
1
1
0
1
0
1
0
1
0
0
0
1
1
0
1
1
0
1
1
0
1
1
0
0
1
0
1
0
1
0
1
0
0
1
0
1
0
1
0
1
1
1
1
1
0
1
1
0
1
1
0
1
1
0
1
0
1
0
0
1
0
0
1
0
0
1
0
0
0
0
1
0
1
0
1
0
1
1
1
1
1
0
1
1
0
1
1
0
1
1
0
0
1
1
0
1
1
0
1
1
0
1
1
0
1
1
1
1
0
1
1
0
1
1
0
1
1
0
1
1
0
0
1
1
0
1
1
0
1
1
0
1
1
0
1
1
1
1
0
0
1
1
0
0
1
1
0
0
1
1
0
0
1
1
0
0
1
1
0
1
1
0
1
1
0
1
1
0
1
1
0
0
0
1
1
0
0
1
1
0
0
1
1
0
0
1
1
0
0
1
1
0
0
1
1
0
0
1
1
0
0
1
1
0
0
1
1
0
0
1
1
0
0
0
1
1
0
0
0
1
1
0
0
0
1
1
0
0
0
1
1
0
0
0
1
1
1
1
0
0
1
1
0
0
1
1
0
0
1
1
0
0
1
1
0
0
1
0
0
0
1
1
1
0
0
0
1
1
1
0
0
0
1
1
1
0
0
0
1
1
1
0
0
0
1
1
1
0
0
0
1
1
1
0
0
0
1
1
1
0
0
0
1
1
1
0
0
0
1
1
1
0
0
0
1
1
1
1
1
0
0
0
0
1
1
1
1
0
0
0
0
1
1
1
1
0
0
0
0
1
1
1
1
0
0
0
0
1
1
1
1
0
0
0
0
1
1
1
1
0
0
0
0
0
1
1
1
1
1
1
1
0
0
0
0
0
1
1
1
1
1
1
1
0
0
0
0
0
1
1
1
1
1
1
1
0
0
0
0
0
1
1
1
1
1
1
1
0
0
0
0
0
1
1
1
1
1
1
1
1
1
1
1
1
1
1
1
1
1
1
1
0
1
1
1
1
1
1
1
1
1
1
1
1
1
1
1
1
1
1
1
1
1
1
1
1
1
1
1
1
1
0
0
1
1
1
1
1
1
1
1
1
1
1
1
1
1
1
1
1
1
1
1
1
1
1
1
1
1
1
1
1
1
1
1
0
0
1
1
1
1
1
1
1
1
1
1
1
1
1
1
1
1
1
1
1
1
1
1
1
1
1
1
1
1
1
1
1
1
0
0
1
1
1
1
1
1
1
1
1
1
1
1
1
1
1
1
1
1
1
1
1
1
1
1
1
1
1
1
1
1
1
1
0
0
1
1
1
1
1
1
1
1
1
1
1
1
1
1
1
1
1
0
1
1
1
0
1
1
1
1
1
1
1
1
1
1
1
1
1
1
1
0
1
1
1
1
0
1
0
1
1
1
1
1
1
1
1
1
1
1
1
1
1
1
1
0
1
1
1
1
0
1
0
1
1
1
1
1
1
1
1
1
1
1
1
1
1
1
1
0
1
1
1
1
0
1
0
1
1
1
1
1
1
1
1
1
1
1
1
1
1
1
1
0
1
1
1
1
0
1
0
1
1
1
1
1
1
1
1
1
1
1
1
1
0
1
1
0
1
1
1
1
1
1
1
1
1
1
1
0
1
1
1
0
0
1
1
1
1
1
1
1
1
1
1
1
1
0
1
1
1
0
0
1
1
1
1
1
1
1
1
1
1
1
1
0
1
1
1
0
0
1
1
1
1
1
1
1
1
1
1
1
1
0
1
1
1
0
0
1
1
1
1
1
1
1
1
1
1
1
1
0
1
1
0
1
1
1
1
1
1
1
1
1
1
1
0
1
1
1
0
0
1
1
1
1
1
1
1
1
1
1
1
1
0
1
1
1
0
0
1
1
1
1
1
1
1
1
1
1
1
1
0
1
1
1
0
0
1
1
1
1
1
1
1
1
1
1
1
1
0
1
1
1
0
0
1
1
1
1
1
1
1
1
1
0
1
0
1
1
1
1
1
1
1
0
1
0
1
0
1
1
1
1
1
1
1
0
1
0
1
0
1
1
1
1
1
1
1
0
1
0
1
0
1
1
1
1
1
1
1
0
1
0
1
0
1
1
1
1
1
1
1
1
1
0
1
1
0
1
1
1
1
1
1
1
1
1
0
1
1
1
0
0
1
1
1
1
1
1
1
1
1
0
1
1
1
0
0
1
1
1
1
1
1
1
1
1
0
1
1
1
0
0
1
1
1
1
1
1
1
1
1
0
1
1
1
0
0
1
1
1
1
1
1
1
0
1
0
1
1
1
1
1
1
1
1
0
1
0
0
1
1
1
1
1
1
1
1
0
1
0
0
1
1
1
1
1
1
1
1
0
1
0
0
1
1
1
1
1
1
1
1
0
1
0
0
1
1
1
1
1
1
1
0
1
0
1
1
1
1
1
1
1
1
0
1
0
0
1
1
1
1
1
1
1
1
0
1
0
0
1
1
1
1
1
1
1
1
0
1
0
0
1
1
1
1
1
1
1
1
0
1
0
0
1
1
1
1
1
0
0
1
1
1
1
1
0
0
1
0
1
1
1
1
1
0
0
1
0
1
1
1
1
1
0
0
1
0
1
1
1
1
1
0
0
1
0
1
1
1
1
1
1
1
0
1
0
1
1
1
1
1
1
1
0
1
0
1
0
1
1
1
1
1
1
1
0
1
0
1
0
1
1
1
1
1
1
1
0
1
0
1
0
1
1
1
1
1
1
1
0
1
0
1
0
1
1
1
1
1
1
0
0
1
1
1
1
1
1
0
0
0
1
1
1
1
1
1
0
0
0
1
1
1
1
1
1
0
0
0
1
1
1
1
1
1
0
0
0
1
1
1
1
1
0
0
1
1
1
1
1
0
0
1
0
1
1
1
1
1
0
0
1
0
1
1
1
1
1
0
0
1
0
1
1
1
1
1
0
0
1
0
1
1
1
1
1
1
0
0
1
1
1
1
1
1
0
0
0
1
1
1
1
1
1
0
0
0
1
1
1
1
1
1
0
0
0
1
1
1
1
1
1
0
0
0
1
1
1
1
1
0
0
1
1
1
1
1
0
0
1
0
1
1
1
1
1
0
0
1
0
1
1
1
1
1
0
0
1
0
1
1
1
1
1
0
0
1
0
1
1
1
1
0
0
1
1
1
0
0
0
1
1
1
0
0
0
1
1
1
0
0
0
1
1
1
0
0
0
1
1
1
1
1
0
1
0
1
1
1
1
1
0
1
0
0
1
1
1
1
1
0
1
0
0
1
1
1
1
1
0
1
0
0
1
1
1
1
1
0
1
0
0
1
1
1
1
0
0
1
1
1
1
1
0
0
1
0
1
1
1
1
1
0
0
1
0
1
1
1
1
1
0
0
1
0
1
1
1
1
1
0
0
1
0
1
1
1
1
0
0
1
1
1
0
0
0
1
1
1
0
0
0
1
1
1
0
0
0
1
1
1
0
0
0
1
1
1
0
0
1
1
1
0
0
0
1
1
1
0
0
0
1
1
1
0
0
0
1
1
1
0
0
0
1
1
1
1
1
0
0
1
1
1
1
1
1
0
0
0
1
1
1
1
1
1
0
0
0
1
1
1
1
1
1
0
0
0
1
1
1
1
1
1
0
0
0
1
1
1
1
0
0
1
1
1
0
0
0
1
1
1
0
0
0
1
1
1
0
0
0
1
1
1
0
0
0
1
1
1
0
0
1
1
1
0
0
0
1
1
1
0
0
0
1
1
1
0
0
0
1
1
1
0
0
0
1
1
1
0
0
1
1
1
0
0
0
1
1
1
0
0
0
1
1
1
0
0
0
1
1
1
0
0
0
1
1
0
1
0
0
0
0
1
1
0
1
0
0
0
0
0
1
1
0
1
0
0
0
0
0
1
1
0
1
0
0
0
0
0
1
1
0
1
0
0
0
0
0
1
1
1
0
0
1
1
1
0
0
0
1
1
1
0
0
0
1
1
1
0
0
0
1
1
1
0
0
0
1
1
1
0
0
1
1
1
0
0
0
1
1
1
0
0
0
1
1
1
0
0
0
1
1
1
0
0
0
1
1
1
0
0
0
0
1
1
1
0
0
0
0
0
0
1
1
1
0
0
0
0
0
0
1
1
1
0
0
0
0
0
0
1
1
1
0
0
0
0
0
0
1
1
1
0
0
1
1
1
0
0
0
1
1
1
0
0
0
1
1
1
0
0
0
1
1
1
0
0
0
0
1
0
1
1
0
0
0
0
0
1
0
1
1
0
0
0
0
0
1
0
1
1
0
0
0
0
0
1
0
1
1
0
0
0
0
0
1
0
1
1
0
0
0
0
1
1
1
0
0
0
0
0
1
1
1
0
0
0
0
0
0
1
1
1
0
0
0
0
0
0
1
1
1
0
0
0
0
0
0
1
1
1
0
0
0
0
0
0
1
1
0
1
0
0
0
0
0
1
1
0
1
0
0
0
0
0
1
1
0
1
0
0
0
0
0
1
1
0
1
0
0
0
0
0
1
1
0
1
0
0
0
0
0
1
1
1
0
0
0
0
0
0
1
1
1
0
0
0
0
0
0
1
1
1
0
0
0
0
0
0
1
1
1
0
0
0
0
0
0
1
1
1
0
0
0
0
0
0
1
1
0
1
0
0
0
0
0
1
1
0
1
0
0
0
0
0
1
1
0
1
0
0
0
0
0
1
1
0
1
0
0
0
0
0
1
1
0
1
0
0
0
0
0
1
1
1
0
0
0
0
0
0
1
1
1
0
0
0
0
0
0
1
1
1
0
0
0
0
0
0
1
1
1
0
0
0
0
0
0
1
1
1
0
0
0
0
0
0
0
1
0
1
1
0
0
0
0
0
0
0
0
1
0
1
1
0
0
0
0
0
0
0
0
1
0
1
1
0
0
0
0
0
0
0
0
1
0
1
1
0
0
0
0
0
0
0
0
1
0
1
1
0
0
0
0
0
0
0
1
1
0
1
0
0
0
0
0
1
1
0
1
0
0
0
0
0
1
1
0
1
0
0
0
0
0
1
1
0
1
0
0
0
0
0
1
1
0
1
0
0
0
0
0
1
0
1
0
1
0
0
0
0
0
0
0
1
0
1
0
1
0
0
0
0
0
0
0
1
0
1
0
1
0
0
0
0
0
0
0
1
0
1
0
1
0
0
0
0
0
0
0
1
0
1
0
1
0
0
0
0
0
0
0
1
0
1
0
1
0
0
0
0
0
0
0
1
0
1
0
1
0
0
0
0
0
0
0
1
0
1
0
1
0
0
0
0
0
0
0
1
0
1
0
1
0
0
0
0
0
0
0
1
0
1
0
1
0
0
0
0
0
0
0
1
0
0
0
1
1
0
0
0
0
0
0
0
0
0
1
0
0
0
1
1
0
0
0
0
0
0
0
0
0
1
0
0
0
1
1
0
0
0
0
0
0
0
0
0
1
0
0
0
1
1
0
0
0
0
0
0
0
0
0
1
0
0
0
1
1
0
0
0
0
0
0
0
0
0
0
1
0
1
1
0
0
0
0
0
0
0
0
0
0
0
1
0
1
1
0
0
0
0
0
0
0
0
0
0
0
1
0
1
1
0
0
0
0
0
0
0
0
0
0
0
1
0
1
1
0
0
0
0
0
0
0
0
0
0
0
1
0
1
1
0
0
0
0
0
0
0
0
0
0
1
0
0
0
1
1
0
0
0
0
0
0
0
0
0
0
0
0
1
0
0
0
1
1
0
0
0
0
0
0
0
0
0
0
0
0
1
0
0
0
1
1
0
0
0
0
0
0
0
0
0
0
0
0
1
0
0
0
1
1
0
0
0
0
0
0
0
0
0
0
0
0
1
0
0
0
1
1
0
0
0
0
0
0
0
0
0
0
0
0
1
0
0
0
1
1
0
0
0
0
0
0
0
0
0
0
0
0
0
0
0
1
0
0
0
1
1
0
0
0
0
0
0
0
0
0
0
0
0
0
0
0
1
0
0
0
1
1
0
0
0
0
0
0
0
0
0
0
0
0
0
0
0
1
0
0
0
1
1
0
0
0
0
0
0
0
0
0
0
0
0
0
0
0
1
0
0
0
1
1
0
0
0
0
0
0
0
0
0
0
0
0
0
0
0
0
1
0
0
0
0
1
1
0
0
0
0
0
0
0
0
0
0
0
0
0
0
0
0
0
0
0
0
0
0
0
0
0
0
1
0
0
0
0
1
1
0
0
0
0
0
0
0
0
0
0
0
0
0
0
0
0
0
0
0
0
0
0
0
0
0
0
1
0
0
0
0
1
1
0
0
0
0
0
0
0
0
0
0
0
0
0
0
0
0
0
0
0
0
0
0
0
0
0
0
1
0
0
0
0
1
1
0
0
0
0
0
0
0
0
0
0
0
0
0
0
0
0
0
0
0
0
0
0
0
0
0
0
1
0
0
0
0
1
1
0
0
0
0
0
0
0
0
0
0
0
0
0
0
0
0
0
0
0
0
0
0
0
0
0
1
0
0
0
0
0
0
0
0
0
0
0
0
0
1
0
0
0
0
0
0
0
0
0
0
0
0
0
1
0
0
0
0
0
0
0
0
0
0
0
0
0
1
0
0
0
0
0
0
0
0
0
0
0
0
0
1
0
0
0
0
0
0
0
0
0
0
0
0
0
1
0
0
0
1
0
1
1
0
)
;
}
)

// ************************************************************************* //
